S   1
  1      0.2456452              1.0000000
P   1
  1      0.1693411              1.0000000
D   1
  1      0.6225575              1.0000000
S   1
  1      0.0984957              1.0000000
P   1
  1      0.0898939              1.0000000
D   1
  1      0.2421608              1.0000000
S   1
  1      0.0527254              1.0000000
P   1
  1      0.0556109              1.0000000
D   1
  1      0.1278396              1.0000000
S   1
  1      0.0327748              1.0000000
P   1
  1      0.0377660              1.0000000
D   1
  1      0.0788350              1.0000000
S   1
  1      0.0223274              1.0000000
P   1
  1      0.0273116              1.0000000
D   1
  1      0.0534281              1.0000000
S   1
  1      0.0161822              1.0000000
P   1
  1      0.0206659              1.0000000
D   1
  1      0.0385827              1.0000000
S   1
  1      0.0122645              1.0000000
P   1
  1      0.0161806              1.0000000
D   1
  1      0.0291633              1.0000000

