Hydrogen
S 1
1  0.001  1.0
S 1
1  0.0035938136638  1.0
S 1
1  0.0129154966501  1.0
S 1
1  0.0464158883361  1.0
S 1
1  0.16681005372  1.0
S 1
1  0.599484250319  1.0
S 1
1  2.15443469003  1.0
S 1
1  7.74263682681  1.0
S 1
1  27.8255940221  1.0
S 1
1  100.0  1.0
P 1
1  0.001  1.0
P 1
1  0.00464158883361  1.0
P 1
1  0.0215443469003  1.0
P 1
1  0.1  1.0
P 1
1  0.464158883361  1.0
P 1
1  2.15443469003  1.0
P 1
1  10.0  1.0
D 1
1  0.001  1.0
D 1
1  0.0215443469003  1.0
D 1
1  0.464158883361  1.0
D 1
1  10.0  1.0
F 1
1  0.001  1.0

Helium
S 1
1  0.001  1.0
S 1
1  0.00419228800165  1.0
S 1
1  0.0175752786888  1.0
S 1
1  0.0736806299728  1.0
S 1
1  0.308890420989  1.0
S 1
1  1.29495760574  1.0
S 1
1  5.42883523319  1.0
S 1
1  22.7592408111  1.0
S 1
1  95.4132921789  1.0
S 1
1  400.0  1.0
P 1
1  0.001  1.0
P 1
1  0.00584803547643  1.0
P 1
1  0.0341995189335  1.0
P 1
1  0.2  1.0
P 1
1  1.16960709529  1.0
P 1
1  6.83990378671  1.0
P 1
1  40.0  1.0
D 1
1  0.001  1.0
D 1
1  0.0341995189335  1.0
D 1
1  1.16960709529  1.0
D 1
1  40.0  1.0
F 1
1  0.001  1.0

Lithium
S 1
1  0.001  1.0
S 1
1  0.00458756785568  1.0
S 1
1  0.0210457788305  1.0
S 1
1  0.0965489384606  1.0
S 1
1  0.442924806582  1.0
S 1
1  2.03194760516  1.0
S 1
1  9.32169751786  1.0
S 1
1  42.7639198933  1.0
S 1
1  196.182384286  1.0
S 1
1  900.0  1.0
P 1
1  0.001  1.0
P 1
1  0.00669432950082  1.0
P 1
1  0.0448140474656  1.0
P 1
1  0.3  1.0
P 1
1  2.00829885025  1.0
P 1
1  13.4442142397  1.0
P 1
1  90.0  1.0
D 1
1  0.001  1.0
D 1
1  0.0448140474656  1.0
D 1
1  2.00829885025  1.0
D 1
1  90.0  1.0
F 1
1  0.001  1.0

Beryllium
S 1
1  0.001  1.0
S 1
1  0.0048904256962  1.0
S 1
1  0.02391626349  1.0
S 1
1  0.116960709529  1.0
S 1
1  0.571987659323  1.0
S 1
1  2.79726314706  1.0
S 1
1  13.6798075734  1.0
S 1
1  66.900082476  1.0
S 1
1  327.169882418  1.0
S 1
1  1600.0  1.0
P 1
1  0.001  1.0
P 1
1  0.00736806299728  1.0
P 1
1  0.0542883523319  1.0
P 1
1  0.4  1.0
P 1
1  2.94722519891  1.0
P 1
1  21.7153409328  1.0
P 1
1  160.0  1.0
D 1
1  0.001  1.0
D 1
1  0.0542883523319  1.0
D 1
1  2.94722519891  1.0
D 1
1  160.0  1.0
F 1
1  0.001  1.0

Boron
S 1
1  0.001  1.0
S 1
1  0.00513904266401  1.0
S 1
1  0.0264097595025  1.0
S 1
1  0.13572088083  1.0
S 1
1  0.697475396981  1.0
S 1
1  3.58435582218  1.0
S 1
1  18.4201574932  1.0
S 1
1  94.6619752354  1.0
S 1
1  486.471929394  1.0
S 1
1  2500.0  1.0
P 1
1  0.001  1.0
P 1
1  0.00793700525984  1.0
P 1
1  0.0629960524947  1.0
P 1
1  0.5  1.0
P 1
1  3.96850262992  1.0
P 1
1  31.4980262474  1.0
P 1
1  250.0  1.0
D 1
1  0.001  1.0
D 1
1  0.0629960524947  1.0
D 1
1  3.96850262992  1.0
D 1
1  250.0  1.0
F 1
1  0.001  1.0

Carbon
S 1
1  0.001  1.0
S 1
1  0.00535153112468  1.0
S 1
1  0.0286388853784  1.0
S 1
1  0.153261886479  1.0
S 1
1  0.820185755718  1.0
S 1
1  4.38924959974  1.0
S 1
1  23.489205847  1.0
S 1
1  125.703216184  1.0
S 1
1  672.704673883  1.0
S 1
1  3600.0  1.0
P 1
1  0.001  1.0
P 1
1  0.00843432665302  1.0
P 1
1  0.0711378660898  1.0
P 1
1  0.6  1.0
P 1
1  5.06059599181  1.0
P 1
1  42.6827196539  1.0
P 1
1  360.0  1.0
D 1
1  0.001  1.0
D 1
1  0.0711378660898  1.0
D 1
1  5.06059599181  1.0
D 1
1  360.0  1.0
F 1
1  0.001  1.0

Nitrogen
S 1
1  0.001  1.0
S 1
1  0.00553802765336  1.0
S 1
1  0.0306697502894  1.0
S 1
1  0.169849925224  1.0
S 1
1  0.940633582813  1.0
S 1
1  5.20925479329  1.0
S 1
1  28.8489970987  1.0
S 1
1  159.766543704  1.0
S 1
1  884.791537115  1.0
S 1
1  4900.0  1.0
P 1
1  0.001  1.0
P 1
1  0.00887904001743  1.0
P 1
1  0.0788373516311  1.0
P 1
1  0.7  1.0
P 1
1  6.2153280122  1.0
P 1
1  55.1861461417  1.0
P 1
1  490.0  1.0
D 1
1  0.001  1.0
D 1
1  0.0788373516311  1.0
D 1
1  6.2153280122  1.0
D 1
1  490.0  1.0
F 1
1  0.001  1.0

Oxygen
S 1
1  0.001  1.0
S 1
1  0.0057048235905  1.0
S 1
1  0.0325450121987  1.0
S 1
1  0.185663553345  1.0
S 1
1  1.05917781902  1.0
S 1
1  6.04242260846  1.0
S 1
1  34.4709550405  1.0
S 1
1  196.650717502  1.0
S 1
1  1121.8576523  1.0
S 1
1  6400.0  1.0
P 1
1  0.001  1.0
P 1
1  0.00928317766723  1.0
P 1
1  0.0861773876013  1.0
P 1
1  0.8  1.0
P 1
1  7.42654213378  1.0
P 1
1  68.941910081  1.0
P 1
1  640.0  1.0
D 1
1  0.001  1.0
D 1
1  0.0861773876013  1.0
D 1
1  7.42654213378  1.0
D 1
1  640.0  1.0
F 1
1  0.001  1.0

Fluorine
S 1
1  0.001  1.0
S 1
1  0.00585611297616  1.0
S 1
1  0.0342940591895  1.0
S 1
1  0.200829885025  1.0
S 1
1  1.17608249569  1.0
S 1
1  6.88727196406  1.0
S 1
1  40.332642719  1.0
S 1
1  236.192512389  1.0
S 1
1  1383.17003667  1.0
S 1
1  8100.0  1.0
P 1
1  0.001  1.0
P 1
1  0.00965489384606  1.0
P 1
1  0.0932169751786  1.0
P 1
1  0.9  1.0
P 1
1  8.68940446145  1.0
P 1
1  83.8952776608  1.0
P 1
1  810.0  1.0
D 1
1  0.001  1.0
D 1
1  0.0932169751786  1.0
D 1
1  8.68940446145  1.0
D 1
1  810.0  1.0
F 1
1  0.001  1.0

Neon
S 1
1  0.001  1.0
S 1
1  0.00599484250319  1.0
S 1
1  0.035938136638  1.0
S 1
1  0.215443469003  1.0
S 1
1  1.29154966501  1.0
S 1
1  7.74263682681  1.0
S 1
1  46.4158883361  1.0
S 1
1  278.255940221  1.0
S 1
1  1668.1005372  1.0
S 1
1  10000.0  1.0
P 1
1  0.001  1.0
P 1
1  0.01  1.0
P 1
1  0.1  1.0
P 1
1  1.0  1.0
P 1
1  10.0  1.0
P 1
1  100.0  1.0
P 1
1  1000.0  1.0
D 1
1  0.001  1.0
D 1
1  0.1  1.0
D 1
1  10.0  1.0
D 1
1  1000.0  1.0
F 1
1  0.001  1.0

Sodium
S 1
1  0.001  1.0
S 1
1  0.00612316767596  1.0
S 1
1  0.0374931823879  1.0
S 1
1  0.229577042467  1.0
S 1
1  1.40573872557  1.0
S 1
1  8.60757392528  1.0
S 1
1  52.7056184277  1.0
S 1
1  322.725339098  1.0
S 1
1  1976.10136458  1.0
S 1
1  12100.0  1.0
P 1
1  0.001  1.0
P 1
1  0.0103228011546  1.0
P 1
1  0.106560223677  1.0
P 1
1  1.1  1.0
P 1
1  11.35508127  1.0
P 1
1  117.216246044  1.0
P 1
1  1210.0  1.0
D 1
1  0.001  1.0
D 1
1  0.106560223677  1.0
D 1
1  11.35508127  1.0
D 1
1  1210.0  1.0
F 1
1  0.001  1.0

Magnesium
S 1
1  0.001  1.0
S 1
1  0.00624271646313  1.0
S 1
1  0.0389715088391  1.0
S 1
1  0.243288079823  1.0
S 1
1  1.51877850119  1.0
S 1
1  9.48130355326  1.0
S 1
1  59.1890897839  1.0
S 1
1  369.500705232  1.0
S 1
1  2306.68813569  1.0
S 1
1  14400.0  1.0
P 1
1  0.001  1.0
P 1
1  0.0106265856918  1.0
P 1
1  0.112924323466  1.0
P 1
1  1.2  1.0
P 1
1  12.7519028302  1.0
P 1
1  135.509188159  1.0
P 1
1  1440.0  1.0
D 1
1  0.001  1.0
D 1
1  0.112924323466  1.0
D 1
1  12.7519028302  1.0
D 1
1  1440.0  1.0
F 1
1  0.001  1.0

Aluminum
S 1
1  0.001  1.0
S 1
1  0.00635475077458  1.0
S 1
1  0.0403828574071  1.0
S 1
1  0.256622994387  1.0
S 1
1  1.63077517236  1.0
S 1
1  10.3631697897  1.0
S 1
1  65.8553612483  1.0
S 1
1  418.494407903  1.0
S 1
1  2659.42766278  1.0
S 1
1  16900.0  1.0
P 1
1  0.001  1.0
P 1
1  0.0109139288306  1.0
P 1
1  0.11911384252  1.0
P 1
1  1.3  1.0
P 1
1  14.1881074798  1.0
P 1
1  154.847995276  1.0
P 1
1  1690.0  1.0
D 1
1  0.001  1.0
D 1
1  0.11911384252  1.0
D 1
1  14.1881074798  1.0
D 1
1  1690.0  1.0
F 1
1  0.001  1.0

Silicon
S 1
1  0.001  1.0
S 1
1  0.00646027007962  1.0
S 1
1  0.0417350895016  1.0
S 1
1  0.269619949978  1.0
S 1
1  1.74181769571  1.0
S 1
1  11.2526127437  1.0
S 1
1  72.6949174259  1.0
S 1
1  469.628799987  1.0
S 1
1  3033.92888508  1.0
S 1
1  19600.0  1.0
P 1
1  0.001  1.0
P 1
1  0.0111868894208  1.0
P 1
1  0.125146494914  1.0
P 1
1  1.4  1.0
P 1
1  15.6616451891  1.0
P 1
1  175.205092879  1.0
P 1
1  1960.0  1.0
D 1
1  0.001  1.0
D 1
1  0.125146494914  1.0
D 1
1  15.6616451891  1.0
D 1
1  1960.0  1.0
F 1
1  0.001  1.0

Phosphorus
S 1
1  0.001  1.0
S 1
1  0.0065600804994  1.0
S 1
1  0.0430346561586  1.0
S 1
1  0.282310808664  1.0
S 1
1  1.85198163069  1.0
S 1
1  12.1491485807  1.0
S 1
1  79.6993926887  1.0
S 1
1  522.834431791  1.0
S 1
1  3429.83596041  1.0
S 1
1  22500.0  1.0
P 1
1  0.001  1.0
P 1
1  0.0114471424255  1.0
P 1
1  0.13103706971  1.0
P 1
1  1.5  1.0
P 1
1  17.1707136383  1.0
P 1
1  196.555604566  1.0
P 1
1  2250.0  1.0
D 1
1  0.001  1.0
D 1
1  0.13103706971  1.0
D 1
1  17.1707136383  1.0
D 1
1  2250.0  1.0
F 1
1  0.001  1.0

Sulfur
S 1
1  0.001  1.0
S 1
1  0.00665484238398  1.0
S 1
1  0.0442869271556  1.0
S 1
1  0.294722519891  1.0
S 1
1  1.96133191689  1.0
S 1
1  13.0523547695  1.0
S 1
1  86.861363731  1.0
S 1
1  578.048684887  1.0
S 1
1  3846.82288819  1.0
S 1
1  25600.0  1.0
P 1
1  0.001  1.0
P 1
1  0.0116960709529  1.0
P 1
1  0.136798075734  1.0
P 1
1  1.6  1.0
P 1
1  18.7137135246  1.0
P 1
1  218.876921175  1.0
P 1
1  2560.0  1.0
D 1
1  0.001  1.0
D 1
1  0.136798075734  1.0
D 1
1  18.7137135246  1.0
D 1
1  2560.0  1.0
F 1
1  0.001  1.0

Chlorine
S 1
1  0.001  1.0
S 1
1  0.00674510398333  1.0
S 1
1  0.0454964277459  1.0
S 1
1  0.306878136016  1.0
S 1
1  2.06992493764  1.0
S 1
1  13.9618589421  1.0
S 1
1  94.1741903648  1.0
S 1
1  635.214706557  1.0
S 1
1  4284.58924746  1.0
S 1
1  28900.0  1.0
P 1
1  0.001  1.0
P 1
1  0.0119348319193  1.0
P 1
1  0.142440212941  1.0
P 1
1  1.7  1.0
P 1
1  20.2892142628  1.0
P 1
1  242.148362  1.0
P 1
1  2890.0  1.0
D 1
1  0.001  1.0
D 1
1  0.142440212941  1.0
D 1
1  20.2892142628  1.0
D 1
1  2890.0  1.0
F 1
1  0.001  1.0

Argon
S 1
1  0.001  1.0
S 1
1  0.00683132584572  1.0
S 1
1  0.0466670128105  1.0
S 1
1  0.318797570755  1.0
S 1
1  2.17781008465  1.0
S 1
1  14.8773303184  1.0
S 1
1  101.631891119  1.0
S 1
1  694.280564552  1.0
S 1
1  4742.85676481  1.0
S 1
1  32400.0  1.0
P 1
1  0.001  1.0
P 1
1  0.0121644039911  1.0
P 1
1  0.14797272446  1.0
P 1
1  1.8  1.0
P 1
1  21.8959271841  1.0
P 1
1  266.350904028  1.0
P 1
1  3240.0  1.0
D 1
1  0.001  1.0
D 1
1  0.14797272446  1.0
D 1
1  21.8959271841  1.0
D 1
1  3240.0  1.0
F 1
1  0.001  1.0

Potassium
S 1
1  0.001  1.0
S 1
1  0.00691389886414  1.0
S 1
1  0.0478019975035  1.0
S 1
1  0.330498176243  1.0
S 1
1  2.28503096533  1.0
S 1
1  15.7984729957  1.0
S 1
1  109.2290445  1.0
S 1
1  755.198566699  1.0
S 1
1  5221.3665125  1.0
S 1
1  36100.0  1.0
P 1
1  0.001  1.0
P 1
1  0.0123856232963  1.0
P 1
1  0.153403664438  1.0
P 1
1  1.9  1.0
P 1
1  23.532684263  1.0
P 1
1  291.466962432  1.0
P 1
1  3610.0  1.0
D 1
1  0.001  1.0
D 1
1  0.153403664438  1.0
D 1
1  23.532684263  1.0
D 1
1  3610.0  1.0
F 1
1  0.001  1.0

Calcium
S 1
1  0.001  1.0
S 1
1  0.00699315786766  1.0
S 1
1  0.048904256962  1.0
S 1
1  0.341995189335  1.0
S 1
1  2.391626349  1.0
S 1
1  16.725020619  1.0
S 1
1  116.960709529  1.0
S 1
1  817.924706046  1.0
S 1
1  5719.87659323  1.0
S 1
1  40000.0  1.0
P 1
1  0.001  1.0
P 1
1  0.0125992104989  1.0
P 1
1  0.158740105197  1.0
P 1
1  2.0  1.0
P 1
1  25.1984209979  1.0
P 1
1  317.480210394  1.0
P 1
1  4000.0  1.0
D 1
1  0.001  1.0
D 1
1  0.158740105197  1.0
D 1
1  25.1984209979  1.0
D 1
1  4000.0  1.0
F 1
1  0.001  1.0

Scandium
S 1
1  0.001  1.0
S 1
1  0.00706939202283  1.0
S 1
1  0.0499763035724  1.0
S 1
1  0.353302081805  1.0
S 1
1  2.49763091876  1.0
S 1
1  17.6567320931  1.0
S 1
1  124.822361008  1.0
S 1
1  882.418203181  1.0
S 1
1  6238.16020636  1.0
S 1
1  44100.0  1.0
P 1
1  0.001  1.0
P 1
1  0.0128057916499  1.0
P 1
1  0.16398829978  1.0
P 1
1  2.1  1.0
P 1
1  26.8921624647  1.0
P 1
1  344.375429538  1.0
P 1
1  4410.0  1.0
D 1
1  0.001  1.0
D 1
1  0.16398829978  1.0
D 1
1  26.8921624647  1.0
D 1
1  4410.0  1.0
F 1
1  0.001  1.0

Titanium
S 1
1  0.001  1.0
S 1
1  0.0071428529082  1.0
S 1
1  0.0510203476682  1.0
S 1
1  0.364430838719  1.0
S 1
1  2.60307587618  1.0
S 1
1  18.5933880925  1.0
S 1
1  132.80983621  1.0
S 1
1  948.641124807  1.0
S 1
1  6776.00401717  1.0
S 1
1  48400.0  1.0
P 1
1  0.001  1.0
P 1
1  0.0130059144685  1.0
P 1
1  0.169153811162  1.0
P 1
1  2.2  1.0
P 1
1  28.6130118307  1.0
P 1
1  372.138384557  1.0
P 1
1  4840.0  1.0
D 1
1  0.001  1.0
D 1
1  0.169153811162  1.0
D 1
1  28.6130118307  1.0
D 1
1  4840.0  1.0
F 1
1  0.001  1.0

Vanadium
S 1
1  0.001  1.0
S 1
1  0.00721376086347  1.0
S 1
1  0.0520383457953  1.0
S 1
1  0.375392182298  1.0
S 1
1  2.70798943311  1.0
S 1
1  19.5347881913  1.0
S 1
1  140.91929053  1.0
S 1
1  1016.55806293  1.0
S 1
1  7333.20676984  1.0
S 1
1  52900.0  1.0
P 1
1  0.001  1.0
P 1
1  0.013200061218  1.0
P 1
1  0.174241616158  1.0
P 1
1  2.3  1.0
P 1
1  30.3601408013  1.0
P 1
1  400.755717163  1.0
P 1
1  5290.0  1.0
D 1
1  0.001  1.0
D 1
1  0.174241616158  1.0
D 1
1  30.3601408013  1.0
D 1
1  5290.0  1.0
F 1
1  0.001  1.0

Chromium
S 1
1  0.001  1.0
S 1
1  0.00728231004009  1.0
S 1
1  0.0530320395199  1.0
S 1
1  0.386195753842  1.0
S 1
1  2.81239721564  1.0
S 1
1  20.4807484802  1.0
S 1
1  149.147160286  1.0
S 1
1  1086.1358628  1.0
S 1
1  7909.57809856  1.0
S 1
1  57600.0  1.0
P 1
1  0.001  1.0
P 1
1  0.0133886590016  1.0
P 1
1  0.179256189862  1.0
P 1
1  2.4  1.0
P 1
1  32.1327816039  1.0
P 1
1  430.214855669  1.0
P 1
1  5760.0  1.0
D 1
1  0.001  1.0
D 1
1  0.179256189862  1.0
D 1
1  32.1327816039  1.0
D 1
1  5760.0  1.0
F 1
1  0.001  1.0

Manganese
S 1
1  0.001  1.0
S 1
1  0.00734867246138  1.0
S 1
1  0.0540029869446  1.0
S 1
1  0.396850262992  1.0
S 1
1  2.91632259894  1.0
S 1
1  21.4310995713  1.0
S 1
1  157.490131237  1.0
S 1
1  1157.34339036  1.0
S 1
1  8504.93750109  1.0
S 1
1  62500.0  1.0
P 1
1  0.001  1.0
P 1
1  0.013572088083  1.0
P 1
1  0.184201574932  1.0
P 1
1  2.5  1.0
P 1
1  33.9302202074  1.0
P 1
1  460.50393733  1.0
P 1
1  6250.0  1.0
D 1
1  0.001  1.0
D 1
1  0.184201574932  1.0
D 1
1  33.9302202074  1.0
D 1
1  6250.0  1.0
F 1
1  0.001  1.0

Iron
S 1
1  0.001  1.0
S 1
1  0.00741300131782  1.0
S 1
1  0.054952588538  1.0
S 1
1  0.40736361125  1.0
S 1
1  3.01978698703  1.0
S 1
1  22.3856849144  1.0
S 1
1  165.94511177  1.0
S 1
1  1230.15133224  1.0
S 1
1  9119.11344701  1.0
S 1
1  67600.0  1.0
P 1
1  0.001  1.0
P 1
1  0.0137506886707  1.0
P 1
1  0.18908143892  1.0
P 1
1  2.6  1.0
P 1
1  35.7517905439  1.0
P 1
1  491.611741191  1.0
P 1
1  6760.0  1.0
D 1
1  0.001  1.0
D 1
1  0.18908143892  1.0
D 1
1  35.7517905439  1.0
D 1
1  6760.0  1.0
F 1
1  0.001  1.0

Cobalt
S 1
1  0.001  1.0
S 1
1  0.00747543366514  1.0
S 1
1  0.055882108482  1.0
S 1
1  0.417742995025  1.0
S 1
1  3.12281004839  1.0
S 1
1  23.3443593656  1.0
S 1
1  174.509209893  1.0
S 1
1  1304.53202251  1.0
S 1
1  9751.94259832  1.0
S 1
1  72900.0  1.0
P 1
1  0.001  1.0
P 1
1  0.0139247665008  1.0
P 1
1  0.193899122103  1.0
P 1
1  2.7  1.0
P 1
1  37.5968695523  1.0
P 1
1  523.527629678  1.0
P 1
1  7290.0  1.0
D 1
1  0.001  1.0
D 1
1  0.193899122103  1.0
D 1
1  37.5968695523  1.0
D 1
1  7290.0  1.0
F 1
1  0.001  1.0

Nickel
S 1
1  0.001  1.0
S 1
1  0.00753609265138  1.0
S 1
1  0.0567926924502  1.0
S 1
1  0.427994992226  1.0
S 1
1  3.22540991574  1.0
S 1
1  24.3069879637  1.0
S 1
1  183.179713371  1.0
S 1
1  1380.45929181  1.0
S 1
1  10403.2691246  1.0
S 1
1  78400.0  1.0
P 1
1  0.001  1.0
P 1
1  0.0140945974641  1.0
P 1
1  0.198657677676  1.0
P 1
1  2.8  1.0
P 1
1  39.4648728996  1.0
P 1
1  556.241497492  1.0
P 1
1  7840.0  1.0
D 1
1  0.001  1.0
D 1
1  0.198657677676  1.0
D 1
1  39.4648728996  1.0
D 1
1  7840.0  1.0
F 1
1  0.001  1.0

Copper
S 1
1  0.001  1.0
S 1
1  0.00759508936879  1.0
S 1
1  0.0576853825199  1.0
S 1
1  0.438125635512  1.0
S 1
1  3.32760335647  1.0
S 1
1  25.2734448763  1.0
S 1
1  191.954072493  1.0
S 1
1  1457.90833529  1.0
S 1
1  11072.944098  1.0
S 1
1  84100.0  1.0
P 1
1  0.001  1.0
P 1
1  0.0142604314714  1.0
P 1
1  0.203359905751  1.0
P 1
1  2.9  1.0
P 1
1  41.3552512671  1.0
P 1
1  589.743726678  1.0
P 1
1  8410.0  1.0
D 1
1  0.001  1.0
D 1
1  0.203359905751  1.0
D 1
1  41.3552512671  1.0
D 1
1  8410.0  1.0
F 1
1  0.001  1.0

Zinc
S 1
1  0.001  1.0
S 1
1  0.00765252440451  1.0
S 1
1  0.0585611297616  1.0
S 1
1  0.448140474656  1.0
S 1
1  3.42940591895  1.0
S 1
1  26.2436124877  1.0
S 1
1  200.829885025  1.0
S 1
1  1536.85559631  1.0
S 1
1  11760.8249569  1.0
S 1
1  90000.0  1.0
P 1
1  0.001  1.0
P 1
1  0.0144224957031  1.0
P 1
1  0.208008382305  1.0
P 1
1  3.0  1.0
P 1
1  43.2674871092  1.0
P 1
1  624.025146916  1.0
P 1
1  9000.0  1.0
D 1
1  0.001  1.0
D 1
1  0.208008382305  1.0
D 1
1  43.2674871092  1.0
D 1
1  9000.0  1.0
F 1
1  0.001  1.0

Gallium
S 1
1  0.001  1.0
S 1
1  0.00770848914719  1.0
S 1
1  0.0594208049323  1.0
S 1
1  0.458044629938  1.0
S 1
1  3.53083205881  1.0
S 1
1  27.2173806059  1.0
S 1
1  209.804883015  1.0
S 1
1  1617.27866375  1.0
S 1
1  12466.7750275  1.0
S 1
1  96100.0  1.0
P 1
1  0.001  1.0
P 1
1  0.0145809973583  1.0
P 1
1  0.212605483962  1.0
P 1
1  3.1  1.0
P 1
1  45.2010918106  1.0
P 1
1  659.077000282  1.0
P 1
1  9610.0  1.0
D 1
1  0.001  1.0
D 1
1  0.212605483962  1.0
D 1
1  45.2010918106  1.0
D 1
1  9610.0  1.0
F 1
1  0.001  1.0

Germanium
S 1
1  0.001  1.0
S 1
1  0.00776306689471  1.0
S 1
1  0.0602652076118  1.0
S 1
1  0.467842838114  1.0
S 1
1  3.63189524849  1.0
S 1
1  28.1946457686  1.0
S 1
1  218.876921175  1.0
S 1
1  1699.15618079  1.0
S 1
1  13190.663096  1.0
S 1
1  102400.0  1.0
P 1
1  0.001  1.0
P 1
1  0.0147361259946  1.0
P 1
1  0.217153409328  1.0
P 1
1  3.2  1.0
P 1
1  47.1556031826  1.0
P 1
1  694.890909848  1.0
P 1
1  10240.0  1.0
D 1
1  0.001  1.0
D 1
1  0.217153409328  1.0
D 1
1  47.1556031826  1.0
D 1
1  10240.0  1.0
F 1
1  0.001  1.0

Arsenic
S 1
1  0.001  1.0
S 1
1  0.0078163337983  1.0
S 1
1  0.0610950740464  1.0
S 1
1  0.477539492179  1.0
S 1
1  3.73260807274  1.0
S 1
1  29.1753106348  1.0
S 1
1  228.04396659  1.0
S 1
1  1782.46776356  1.0
S 1
1  13932.3630247  1.0
S 1
1  108900.0  1.0
P 1
1  0.001  1.0
P 1
1  0.0148880555295  1.0
P 1
1  0.221654197451  1.0
P 1
1  3.3  1.0
P 1
1  49.1305832475  1.0
P 1
1  731.458851587  1.0
P 1
1  10890.0  1.0
D 1
1  0.001  1.0
D 1
1  0.221654197451  1.0
D 1
1  49.1305832475  1.0
D 1
1  10890.0  1.0
F 1
1  0.001  1.0

Selenium
S 1
1  0.001  1.0
S 1
1  0.00786835967151  1.0
S 1
1  0.0619110839203  1.0
S 1
1  0.487138675938  1.0
S 1
1  3.83298231219  1.0
S 1
1  30.1592834468  1.0
S 1
1  237.304089595  1.0
S 1
1  1867.19392845  1.0
S 1
1  14691.7534055  1.0
S 1
1  115600.0  1.0
P 1
1  0.001  1.0
P 1
1  0.015036945962  1.0
P 1
1  0.226109743866  1.0
P 1
1  3.4  1.0
P 1
1  51.125616271  1.0
P 1
1  768.773129143  1.0
P 1
1  11560.0  1.0
D 1
1  0.001  1.0
D 1
1  0.226109743866  1.0
D 1
1  51.125616271  1.0
D 1
1  11560.0  1.0
F 1
1  0.001  1.0

Bromine
S 1
1  0.001  1.0
S 1
1  0.00791920868678  1.0
S 1
1  0.0627138662248  1.0
S 1
1  0.49664419419  1.0
S 1
1  3.93302901687  1.0
S 1
1  31.1464775558  1.0
S 1
1  246.655455622  1.0
S 1
1  1953.31602681  1.0
S 1
1  15468.7172475  1.0
S 1
1  122500.0  1.0
P 1
1  0.001  1.0
P 1
1  0.0151829448594  1.0
P 1
1  0.230521814603  1.0
P 1
1  3.5  1.0
P 1
1  53.1403070078  1.0
P 1
1  806.82635111  1.0
P 1
1  12250.0  1.0
D 1
1  0.001  1.0
D 1
1  0.230521814603  1.0
D 1
1  53.1403070078  1.0
D 1
1  12250.0  1.0
F 1
1  0.001  1.0

Krypton
S 1
1  0.001  1.0
S 1
1  0.00796893997784  1.0
S 1
1  0.0635040043705  1.0
S 1
1  0.506059599181  1.0
S 1
1  4.03275857109  1.0
S 1
1  32.1368109981  1.0
S 1
1  256.096317923  1.0
S 1
1  2040.81618608  1.0
S 1
1  16263.1416927  1.0
S 1
1  129600.0  1.0
P 1
1  0.001  1.0
P 1
1  0.0153261886479  1.0
P 1
1  0.23489205847  1.0
P 1
1  3.6  1.0
P 1
1  55.1742791323  1.0
P 1
1  845.611410492  1.0
P 1
1  12960.0  1.0
D 1
1  0.001  1.0
D 1
1  0.23489205847  1.0
D 1
1  55.1742791323  1.0
D 1
1  12960.0  1.0
F 1
1  0.001  1.0

