Hydrogen
S 1
1  0.01  1.0
S 1
1  0.0231012970008  1.0
S 1
1  0.0533669923121  1.0
S 1
1  0.123284673944  1.0
S 1
1  0.284803586844  1.0
S 1
1  0.657933224658  1.0
S 1
1  1.51991108295  1.0
S 1
1  3.51119173422  1.0
S 1
1  8.1113083079  1.0
S 1
1  18.7381742286  1.0
S 1
1  43.2876128108  1.0
S 1
1  100.0  1.0
P 1
1  0.01  1.0
P 1
1  0.0237137370566  1.0
P 1
1  0.056234132519  1.0
P 1
1  0.133352143216  1.0
P 1
1  0.316227766017  1.0
P 1
1  0.749894209332  1.0
P 1
1  1.77827941004  1.0
P 1
1  4.21696503429  1.0
P 1
1  10.0  1.0
D 1
1  0.01  1.0
D 1
1  0.0398107170553  1.0
D 1
1  0.158489319246  1.0
D 1
1  0.63095734448  1.0
D 1
1  2.51188643151  1.0
D 1
1  10.0  1.0
F 1
1  0.01  1.0
F 1
1  0.316227766017  1.0
F 1
1  10.0  1.0

Helium
S 1
1  0.01  1.0
S 1
1  0.026204090467  1.0
S 1
1  0.0686654357203  1.0
S 1
1  0.179931528957  1.0
S 1
1  0.471494206265  1.0
S 1
1  1.23550768356  1.0
S 1
1  3.23753551128  1.0
S 1
1  8.48366734277  1.0
S 1
1  22.2306786542  1.0
S 1
1  58.2534714597  1.0
S 1
1  152.647923615  1.0
S 1
1  400.0  1.0
P 1
1  0.01  1.0
P 1
1  0.028200544831  1.0
P 1
1  0.0795270728767  1.0
P 1
1  0.224270678394  1.0
P 1
1  0.632455532034  1.0
P 1
1  1.78355905847  1.0
P 1
1  5.02973371873  1.0
P 1
1  14.1841231223  1.0
P 1
1  40.0  1.0
D 1
1  0.01  1.0
D 1
1  0.0525305560881  1.0
D 1
1  0.275945932292  1.0
D 1
1  1.44955932736  1.0
D 1
1  7.61461575486  1.0
D 1
1  40.0  1.0
F 1
1  0.01  1.0
F 1
1  0.632455532034  1.0
F 1
1  40.0  1.0

Lithium
S 1
1  0.01  1.0
S 1
1  0.0282088695636  1.0
S 1
1  0.0795740322054  1.0
S 1
1  0.224469349513  1.0
S 1
1  0.633202660143  1.0
S 1
1  1.78619312473  1.0
S 1
1  5.03864888707  1.0
S 1
1  14.2134589232  1.0
S 1
1  40.0945608812  1.0
S 1
1  113.102223811  1.0
S 1
1  319.048587882  1.0
S 1
1  900.0  1.0
P 1
1  0.01  1.0
P 1
1  0.0312090330902  1.0
P 1
1  0.0974003746425  1.0
P 1
1  0.303977151522  1.0
P 1
1  0.948683298051  1.0
P 1
1  2.9607488441  1.0
P 1
1  9.24021086472  1.0
P 1
1  28.8378046638  1.0
P 1
1  90.0  1.0
D 1
1  0.01  1.0
D 1
1  0.0617800850567  1.0
D 1
1  0.381677890962  1.0
D 1
1  2.35800925679  1.0
D 1
1  14.5678012449  1.0
D 1
1  90.0  1.0
F 1
1  0.01  1.0
F 1
1  0.948683298051  1.0
F 1
1  90.0  1.0

Beryllium
S 1
1  0.01  1.0
S 1
1  0.0297236279495  1.0
S 1
1  0.0883494058478  1.0
S 1
1  0.262606486898  1.0
S 1
1  0.780561751366  1.0
S 1
1  2.32011270892  1.0
S 1
1  6.89621669607  1.0
S 1
1  20.4980579333  1.0
S 1
1  60.9276647695  1.0
S 1
1  181.099123944  1.0
S 1
1  538.292298208  1.0
S 1
1  1600.0  1.0
P 1
1  0.01  1.0
P 1
1  0.03353628856  1.0
P 1
1  0.112468265038  1.0
P 1
1  0.377176819016  1.0
P 1
1  1.26491106407  1.0
P 1
1  4.24204224473  1.0
P 1
1  14.2262352803  1.0
P 1
1  47.7095131483  1.0
P 1
1  160.0  1.0
D 1
1  0.01  1.0
D 1
1  0.0693144843155  1.0
D 1
1  0.480449773593  1.0
D 1
1  3.33021282961  1.0
D 1
1  23.0831984945  1.0
D 1
1  160.0  1.0
F 1
1  0.01  1.0
F 1
1  1.26491106407  1.0
F 1
1  160.0  1.0

Boron
S 1
1  0.01  1.0
S 1
1  0.030954359275  1.0
S 1
1  0.0958172358125  1.0
S 1
1  0.296596114208  1.0
S 1
1  0.918094267874  1.0
S 1
1  2.84190198161  1.0
S 1
1  8.7969254963  1.0
S 1
1  27.2303192328  1.0
S 1
1  84.2897084704  1.0
S 1
1  260.913391918  1.0
S 1
1  807.640687307  1.0
S 1
1  2500.0  1.0
P 1
1  0.01  1.0
P 1
1  0.0354603078058  1.0
P 1
1  0.125743342968  1.0
P 1
1  0.445889764619  1.0
P 1
1  1.58113883008  1.0
P 1
1  5.60676695985  1.0
P 1
1  19.8817682192  1.0
P 1
1  70.5013620776  1.0
P 1
1  250.0  1.0
D 1
1  0.01  1.0
D 1
1  0.0757858283255  1.0
D 1
1  0.574349177499  1.0
D 1
1  4.35275281648  1.0
D 1
1  32.9876977693  1.0
D 1
1  250.0  1.0
F 1
1  0.01  1.0
F 1
1  1.58113883008  1.0
F 1
1  250.0  1.0

Carbon
S 1
1  0.01  1.0
S 1
1  0.0319976739829  1.0
S 1
1  0.102385114032  1.0
S 1
1  0.327608549949  1.0
S 1
1  1.04827115753  1.0
S 1
1  3.35422387443  1.0
S 1
1  10.7327362  1.0
S 1
1  34.3422593872  1.0
S 1
1  109.887241971  1.0
S 1
1  351.613614347  1.0
S 1
1  1125.08177998  1.0
S 1
1  3600.0  1.0
P 1
1  0.01  1.0
P 1
1  0.0371140042032  1.0
P 1
1  0.1377449308  1.0
P 1
1  0.511226594067  1.0
P 1
1  1.8973665961  1.0
P 1
1  7.04188718227  1.0
P 1
1  26.1352630482  1.0
P 1
1  96.9984262622  1.0
P 1
1  360.0  1.0
D 1
1  0.01  1.0
D 1
1  0.0815193109606  1.0
D 1
1  0.664539805949  1.0
D 1
1  5.41728270868  1.0
D 1
1  44.1613153691  1.0
D 1
1  360.0  1.0
F 1
1  0.01  1.0
F 1
1  1.8973665961  1.0
F 1
1  360.0  1.0

Nitrogen
S 1
1  0.01  1.0
S 1
1  0.032907171359  1.0
S 1
1  0.108288192685  1.0
S 1
1  0.356345811285  1.0
S 1
1  1.1726332675  1.0
S 1
1  3.8588043875  1.0
S 1
1  12.698233722  1.0
S 1
1  41.7862953047  1.0
S 1
1  137.506878005  1.0
S 1
1  452.496239756  1.0
S 1
1  1489.0371301  1.0
S 1
1  4900.0  1.0
P 1
1  0.01  1.0
P 1
1  0.0385722088866  1.0
P 1
1  0.148781529839  1.0
P 1
1  0.57388322474  1.0
P 1
1  2.21359436212  1.0
P 1
1  8.53832241257  1.0
P 1
1  32.9341955638  1.0
P 1
1  127.03446708  1.0
P 1
1  490.0  1.0
D 1
1  0.01  1.0
D 1
1  0.0867040164381  1.0
D 1
1  0.75175864665  1.0
D 1
1  6.51804940566  1.0
D 1
1  56.5141062813  1.0
D 1
1  490.0  1.0
F 1
1  0.01  1.0
F 1
1  2.21359436212  1.0
F 1
1  490.0  1.0

Oxygen
S 1
1  0.01  1.0
S 1
1  0.0337158833882  1.0
S 1
1  0.113676079264  1.0
S 1
1  0.38326894325  1.0
S 1
1  1.29222509969  1.0
S 1
1  4.35685107724  1.0
S 1
1  14.689508286  1.0
S 1
1  49.52697484  1.0
S 1
1  166.984570827  1.0
S 1
1  563.003231763  1.0
S 1
1  1898.21513093  1.0
S 1
1  6400.0  1.0
P 1
1  0.01  1.0
P 1
1  0.0398815929664  1.0
P 1
1  0.159054145753  1.0
P 1
1  0.634333270055  1.0
P 1
1  2.52982212813  1.0
P 1
1  10.0893336392  1.0
P 1
1  40.2378697499  1.0
P 1
1  160.47503432  1.0
P 1
1  640.0  1.0
D 1
1  0.01  1.0
D 1
1  0.0914610103855  1.0
D 1
1  0.836511642073  1.0
D 1
1  7.65081999832  1.0
D 1
1  69.9751727324  1.0
D 1
1  640.0  1.0
F 1
1  0.01  1.0
F 1
1  2.52982212813  1.0
F 1
1  640.0  1.0

Fluorine
S 1
1  0.01  1.0
S 1
1  0.034445698959  1.0
S 1
1  0.118650617678  1.0
S 1
1  0.408700345783  1.0
S 1
1  1.40779690753  1.0
S 1
1  4.84925484722  1.0
S 1
1  16.7035972643  1.0
S 1
1  57.5367082899  1.0
S 1
1  198.189213285  1.0
S 1
1  682.676597774  1.0
S 1
1  2351.52725733  1.0
S 1
1  8100.0  1.0
P 1
1  0.01  1.0
P 1
1  0.0410733974194  1.0
P 1
1  0.168702397557  1.0
P 1
1  0.692918062047  1.0
P 1
1  2.84604989415  1.0
P 1
1  11.6896938378  1.0
P 1
1  48.0135440711  1.0
P 1
1  197.207937714  1.0
P 1
1  810.0  1.0
D 1
1  0.01  1.0
D 1
1  0.0958731515514  1.0
D 1
1  0.91916611884  1.0
D 1
1  8.81233526125  1.0
D 1
1  84.4866354024  1.0
D 1
1  810.0  1.0
F 1
1  0.01  1.0
F 1
1  2.84604989415  1.0
F 1
1  810.0  1.0

Neon
S 1
1  0.01  1.0
S 1
1  0.0351119173422  1.0
S 1
1  0.123284673944  1.0
S 1
1  0.432876128108  1.0
S 1
1  1.51991108295  1.0
S 1
1  5.33669923121  1.0
S 1
1  18.7381742286  1.0
S 1
1  65.7933224658  1.0
S 1
1  231.012970008  1.0
S 1
1  811.13083079  1.0
S 1
1  2848.03586844  1.0
S 1
1  10000.0  1.0
P 1
1  0.01  1.0
P 1
1  0.0421696503429  1.0
P 1
1  0.177827941004  1.0
P 1
1  0.749894209332  1.0
P 1
1  3.16227766017  1.0
P 1
1  13.3352143216  1.0
P 1
1  56.234132519  1.0
P 1
1  237.137370566  1.0
P 1
1  1000.0  1.0
D 1
1  0.01  1.0
D 1
1  0.1  1.0
D 1
1  1.0  1.0
D 1
1  10.0  1.0
D 1
1  100.0  1.0
D 1
1  1000.0  1.0
F 1
1  0.01  1.0
F 1
1  3.16227766017  1.0
F 1
1  1000.0  1.0

Sodium
S 1
1  0.01  1.0
S 1
1  0.0357256787117  1.0
S 1
1  0.127632411941  1.0
S 1
1  0.455975454222  1.0
S 1
1  1.6290032578  1.0
S 1
1  5.81972470084  1.0
S 1
1  20.7913614853  1.0
S 1
1  74.2785500403  1.0
S 1
1  265.365161391  1.0
S 1
1  948.035049715  1.0
S 1
1  3386.91955936  1.0
S 1
1  12100.0  1.0
P 1
1  0.01  1.0
P 1
1  0.04318651618  1.0
P 1
1  0.186507517977  1.0
P 1
1  0.80546099428  1.0
P 1
1  3.47850542619  1.0
P 1
1  15.022453087  1.0
P 1
1  64.8767413307  1.0
P 1
1  280.180043918  1.0
P 1
1  1210.0  1.0
D 1
1  0.01  1.0
D 1
1  0.103886011825  1.0
D 1
1  1.0792303453  1.0
D 1
1  11.2116936414  1.0
D 1
1  116.473813821  1.0
D 1
1  1210.0  1.0
F 1
1  0.01  1.0
F 1
1  3.47850542619  1.0
F 1
1  1210.0  1.0

Magnesium
S 1
1  0.01  1.0
S 1
1  0.03629536228  1.0
S 1
1  0.131735332303  1.0
S 1
1  0.478138161102  1.0
S 1
1  1.73541977771  1.0
S 1
1  6.29876895397  1.0
S 1
1  22.8616101102  1.0
S 1
1  82.9770421253  1.0
S 1
1  301.168180486  1.0
S 1
1  1093.10082179  1.0
S 1
1  3967.44903355  1.0
S 1
1  14400.0  1.0
P 1
1  0.01  1.0
P 1
1  0.0441362378647  1.0
P 1
1  0.194800749285  1.0
P 1
1  0.859777220667  1.0
P 1
1  3.7947331922  1.0
P 1
1  16.7485246804  1.0
P 1
1  73.9216869178  1.0
P 1
1  326.262515716  1.0
P 1
1  1440.0  1.0
D 1
1  0.01  1.0
D 1
1  0.107565375693  1.0
D 1
1  1.1570310048  1.0
D 1
1  12.445647472  1.0
D 1
1  133.872074608  1.0
D 1
1  1440.0  1.0
F 1
1  0.01  1.0
F 1
1  3.7947331922  1.0
F 1
1  1440.0  1.0

Aluminum
S 1
1  0.01  1.0
S 1
1  0.0368274389804  1.0
S 1
1  0.135626026186  1.0
S 1
1  0.499475920351  1.0
S 1
1  1.83944189789  1.0
S 1
1  6.77419342526  1.0
S 1
1  24.947619501  1.0
S 1
1  91.8756934882  1.0
S 1
1  338.354649572  1.0
S 1
1  1246.07352109  1.0
S 1
1  4588.96965629  1.0
S 1
1  16900.0  1.0
P 1
1  0.01  1.0
P 1
1  0.0450283297746  1.0
P 1
1  0.202755048229  1.0
P 1
1  0.912972117509  1.0
P 1
1  4.11096095822  1.0
P 1
1  18.5109705717  1.0
P 1
1  83.351808735  1.0
P 1
1  375.319273102  1.0
P 1
1  1690.0  1.0
D 1
1  0.01  1.0
D 1
1  0.111065030683  1.0
D 1
1  1.23354410407  1.0
D 1
1  13.7003613768  1.0
D 1
1  152.163105669  1.0
D 1
1  1690.0  1.0
F 1
1  0.01  1.0
F 1
1  4.11096095822  1.0
F 1
1  1690.0  1.0

Silicon
S 1
1  0.01  1.0
S 1
1  0.0373270165426  1.0
S 1
1  0.139330616397  1.0
S 1
1  0.520079622313  1.0
S 1
1  1.94130206655  1.0
S 1
1  7.24630143523  1.0
S 1
1  27.0482813545  1.0
S 1
1  100.963164557  1.0
S 1
1  376.86537136  1.0
S 1
1  1406.72599511  1.0
S 1
1  5250.88844903  1.0
S 1
1  19600.0  1.0
P 1
1  0.01  1.0
P 1
1  0.0458703452493  1.0
P 1
1  0.210408857329  1.0
P 1
1  0.965152692917  1.0
P 1
1  4.42718872424  1.0
P 1
1  20.3076675264  1.0
P 1
1  93.1519720645  1.0
P 1
1  427.291311925  1.0
P 1
1  1960.0  1.0
D 1
1  0.01  1.0
D 1
1  0.114406635586  1.0
D 1
1  1.30888782661  1.0
D 1
1  14.9745452602  1.0
D 1
1  171.318734264  1.0
D 1
1  1960.0  1.0
F 1
1  0.01  1.0
F 1
1  4.42718872424  1.0
F 1
1  1960.0  1.0

Phosphorus
S 1
1  0.01  1.0
S 1
1  0.0377982016845  1.0
S 1
1  0.142870405058  1.0
S 1
1  0.540024438515  1.0
S 1
1  2.04119526416  1.0
S 1
1  7.71535102721  1.0
S 1
1  29.1626394193  1.0
S 1
1  110.229532643  1.0
S 1
1  416.647810641  1.0
S 1
1  1574.8537978  1.0
S 1
1  5952.6641473  1.0
S 1
1  22500.0  1.0
P 1
1  0.01  1.0
P 1
1  0.0466683895945  1.0
P 1
1  0.217793858735  1.0
P 1
1  1.01640886507  1.0
P 1
1  4.74341649025  1.0
P 1
1  22.1367608776  1.0
P 1
1  103.3086981  1.0
P 1
1  482.125057142  1.0
P 1
1  2250.0  1.0
D 1
1  0.01  1.0
D 1
1  0.117607902252  1.0
D 1
1  1.38316186722  1.0
D 1
1  16.267076568  1.0
D 1
1  191.313675094  1.0
D 1
1  2250.0  1.0
F 1
1  0.01  1.0
F 1
1  4.74341649025  1.0
F 1
1  2250.0  1.0

Sulfur
S 1
1  0.01  1.0
S 1
1  0.0382443487241  1.0
S 1
1  0.146263020933  1.0
S 1
1  0.559373397799  1.0
S 1
1  2.13928712924  1.0
S 1
1  8.18156429915  1.0
S 1
1  31.2898598165  1.0
S 1
1  119.666031035  1.0
S 1
1  457.654942132  1.0
S 1
1  1750.27152022  1.0
S 1
1  6693.79943811  1.0
S 1
1  25600.0  1.0
P 1
1  0.01  1.0
P 1
1  0.0474274741132  1.0
P 1
1  0.224936530076  1.0
P 1
1  1.06681714573  1.0
P 1
1  5.05964425627  1.0
P 1
1  23.9966146986  1.0
P 1
1  113.809882242  1.0
P 1
1  539.771524389  1.0
P 1
1  2560.0  1.0
D 1
1  0.01  1.0
D 1
1  0.120683526731  1.0
D 1
1  1.45645136242  1.0
D 1
1  17.5769686929  1.0
D 1
1  212.12505711  1.0
D 1
1  2560.0  1.0
F 1
1  0.01  1.0
F 1
1  5.05964425627  1.0
F 1
1  2560.0  1.0

Chlorine
S 1
1  0.01  1.0
S 1
1  0.0386682350051  1.0
S 1
1  0.149523239841  1.0
S 1
1  0.57817997769  1.0
S 1
1  2.23571992526  1.0
S 1
1  8.64513434756  1.0
S 1
1  33.4292086602  1.0
S 1
1  129.264849651  1.0
S 1
1  499.84435842  1.0
S 1
1  1932.80991174  1.0
S 1
1  7473.83478873  1.0
S 1
1  28900.0  1.0
P 1
1  0.01  1.0
P 1
1  0.0481517671681  1.0
P 1
1  0.231859268141  1.0
P 1
1  1.11644334953  1.0
P 1
1  5.37587202229  1.0
P 1
1  25.8857737943  1.0
P 1
1  124.644575271  1.0
P 1
1  600.18565672  1.0
P 1
1  2890.0  1.0
D 1
1  0.01  1.0
D 1
1  0.12364585686  1.0
D 1
1  1.52882979187  1.0
D 1
1  18.903346961  1.0
D 1
1  233.732053252  1.0
D 1
1  2890.0  1.0
F 1
1  0.01  1.0
F 1
1  5.37587202229  1.0
F 1
1  2890.0  1.0

Argon
S 1
1  0.01  1.0
S 1
1  0.039072187665  1.0
S 1
1  0.152663584893  1.0
S 1
1  0.596490023855  1.0
S 1
1  2.33061701524  1.0
S 1
1  9.10623053947  1.0
S 1
1  35.5800348559  1.0
S 1
1  139.018979902  1.0
S 1
1  543.177567172  1.0
S 1
1  2122.313584  1.0
S 1
1  8292.34346379  1.0
S 1
1  32400.0  1.0
P 1
1  0.01  1.0
P 1
1  0.0488447764485  1.0
P 1
1  0.23858121863  1.0
P 1
1  1.16534462888  1.0
P 1
1  5.6920997883  1.0
P 1
1  27.8029341682  1.0
P 1
1  135.802810406  1.0
P 1
1  663.325791534  1.0
P 1
1  3240.0  1.0
D 1
1  0.01  1.0
D 1
1  0.126505381903  1.0
D 1
1  1.60036116504  1.0
D 1
1  20.2454300366  1.0
D 1
1  256.115585856  1.0
D 1
1  3240.0  1.0
F 1
1  0.01  1.0
F 1
1  5.6920997883  1.0
F 1
1  3240.0  1.0

Potassium
S 1
1  0.01  1.0
S 1
1  0.0394581771576  1.0
S 1
1  0.15569477446  1.0
S 1
1  0.614343199318  1.0
S 1
1  2.42408627943  1.0
S 1
1  9.56500258591  1.0
S 1
1  37.7417566548  1.0
S 1
1  148.922092033  1.0
S 1
1  587.619429011  1.0
S 1
1  2318.63915312  1.0
S 1
1  9148.92744684  1.0
S 1
1  36100.0  1.0
P 1
1  0.01  1.0
P 1
1  0.0495094840236  1.0
P 1
1  0.245118900828  1.0
P 1
1  1.21357103044  1.0
P 1
1  6.00832755432  1.0
P 1
1  29.7469197059  1.0
P 1
1  147.275464593  1.0
P 1
1  729.153226133  1.0
P 1
1  3610.0  1.0
D 1
1  0.01  1.0
D 1
1  0.129271098821  1.0
D 1
1  1.67110169903  1.0
D 1
1  21.6025152874  1.0
D 1
1  279.258088849  1.0
D 1
1  3610.0  1.0
F 1
1  0.01  1.0
F 1
1  6.00832755432  1.0
F 1
1  3610.0  1.0

Calcium
S 1
1  0.01  1.0
S 1
1  0.0398278875195  1.0
S 1
1  0.158626062427  1.0
S 1
1  0.631774097198  1.0
S 1
1  2.5162227681  1.0
S 1
1  10.0215837382  1.0
S 1
1  39.9138509891  1.0
S 1
1  158.968436766  1.0
S 1
1  633.137701868  1.0
S 1
1  2521.65371744  1.0
S 1
1  10043.2140621  1.0
S 1
1  40000.0  1.0
P 1
1  0.01  1.0
P 1
1  0.0501484482249  1.0
P 1
1  0.251486685937  1.0
P 1
1  1.26116670489  1.0
P 1
1  6.32455532034  1.0
P 1
1  31.7166635027  1.0
P 1
1  159.054145753  1.0
P 1
1  797.631859327  1.0
P 1
1  4000.0  1.0
D 1
1  0.01  1.0
D 1
1  0.131950791077  1.0
D 1
1  1.74110112659  1.0
D 1
1  22.9739670999  1.0
D 1
1  303.143313302  1.0
D 1
1  4000.0  1.0
F 1
1  0.01  1.0
F 1
1  6.32455532034  1.0
F 1
1  4000.0  1.0

Scandium
S 1
1  0.01  1.0
S 1
1  0.040182770021  1.0
S 1
1  0.161465500656  1.0
S 1
1  0.648813107921  1.0
S 1
1  2.60711079022  1.0
S 1
1  10.4760933303  1.0
S 1
1  42.095844901  1.0
S 1
1  169.15276545  1.0
S 1
1  679.702667249  1.0
S 1
1  2731.23359608  1.0
S 1
1  10974.8531465  1.0
S 1
1  44100.0  1.0
P 1
1  0.01  1.0
P 1
1  0.0507638817378  1.0
P 1
1  0.257697168909  1.0
P 1
1  1.30817086066  1.0
P 1
1  6.64078308635  1.0
P 1
1  33.7111927242  1.0
P 1
1  171.131100069  1.0
P 1
1  868.727892556  1.0
P 1
1  4410.0  1.0
D 1
1  0.01  1.0
D 1
1  0.13455124415  1.0
D 1
1  1.81040373024  1.0
D 1
1  24.3592074317  1.0
D 1
1  327.756166645  1.0
D 1
1  4410.0  1.0
F 1
1  0.01  1.0
F 1
1  6.64078308635  1.0
F 1
1  4410.0  1.0

Titanium
S 1
1  0.01  1.0
S 1
1  0.0405240847266  1.0
S 1
1  0.164220144293  1.0
S 1
1  0.665487104116  1.0
S 1
1  2.69682557917  1.0
S 1
1  10.9286388263  1.0
S 1
1  44.2873085745  1.0
S 1
1  179.470264499  1.0
S 1
1  727.286820446  1.0
S 1
1  2947.26327323  1.0
S 1
1  11943.5146596  1.0
S 1
1  48400.0  1.0
P 1
1  0.01  1.0
P 1
1  0.0513577123135  1.0
P 1
1  0.263761461407  1.0
P 1
1  1.35461852543  1.0
P 1
1  6.95701085237  1.0
P 1
1  35.7296161918  1.0
P 1
1  183.499134945  1.0
P 1
1  942.409578226  1.0
P 1
1  4840.0  1.0
D 1
1  0.01  1.0
D 1
1  0.137078414422  1.0
D 1
1  1.87904917005  1.0
D 1
1  25.7577080852  1.0
D 1
1  353.082578347  1.0
D 1
1  4840.0  1.0
F 1
1  0.01  1.0
F 1
1  6.95701085237  1.0
F 1
1  4840.0  1.0

Vanadium
S 1
1  0.01  1.0
S 1
1  0.0408529331071  1.0
S 1
1  0.166896214345  1.0
S 1
1  0.681819988047  1.0
S 1
1  2.78543463628  1.0
S 1
1  11.379317487  1.0
S 1
1  46.48784961  1.0
S 1
1  189.916501041  1.0
S 1
1  775.864611296  1.0
S 1
1  3169.63450654  1.0
S 1
1  12948.886647  1.0
S 1
1  52900.0  1.0
P 1
1  0.01  1.0
P 1
1  0.0519316305753  1.0
P 1
1  0.269689425421  1.0
P 1
1  1.4005411611  1.0
P 1
1  7.27323861839  1.0
P 1
1  37.7711141016  1.0
P 1
1  196.151554394  1.0
P 1
1  1018.64700596  1.0
P 1
1  5290.0  1.0
D 1
1  0.01  1.0
D 1
1  0.139537563186  1.0
D 1
1  1.94707315398  1.0
D 1
1  27.168984325  1.0
D 1
1  379.109386694  1.0
D 1
1  5290.0  1.0
F 1
1  0.01  1.0
F 1
1  7.27323861839  1.0
F 1
1  5290.0  1.0

Chromium
S 1
1  0.01  1.0
S 1
1  0.0411702839318  1.0
S 1
1  0.169499227902  1.0
S 1
1  0.697833133896  1.0
S 1
1  2.87299882595  1.0
S 1
1  11.82821774  1.0
S 1
1  48.6971082763  1.0
S 1
1  200.487377439  1.0
S 1
1  825.41222539  1.0
S 1
1  3398.24556801  1.0
S 1
1  13990.6734905  1.0
S 1
1  57600.0  1.0
P 1
1  0.01  1.0
P 1
1  0.0524871280982  1.0
P 1
1  0.275489861599  1.0
P 1
1  1.44596716555  1.0
P 1
1  7.5894663844  1.0
P 1
1  39.8349294315  1.0
P 1
1  209.082104385  1.0
P 1
1  1097.41191959  1.0
P 1
1  5760.0  1.0
D 1
1  0.01  1.0
D 1
1  0.141933364153  1.0
D 1
1  2.01450798596  1.0
D 1
1  28.592589556  1.0
D 1
1  405.824242552  1.0
D 1
1  5760.0  1.0
F 1
1  0.01  1.0
F 1
1  7.5894663844  1.0
F 1
1  5760.0  1.0

Manganese
S 1
1  0.01  1.0
S 1
1  0.0414769940445  1.0
S 1
1  0.172034103497  1.0
S 1
1  0.713545748621  1.0
S 1
1  2.95957327661  1.0
S 1
1  12.2754203168  1.0
S 1
1  50.9147535375  1.0
S 1
1  211.179092925  1.0
S 1
1  875.90739796  1.0
S 1
1  3633.00059288  1.0
S 1
1  15068.5943955  1.0
S 1
1  62500.0  1.0
P 1
1  0.01  1.0
P 1
1  0.0530255280592  1.0
P 1
1  0.281170662595  1.0
P 1
1  1.49092228589  1.0
P 1
1  7.90569415042  1.0
P 1
1  41.9203607  1.0
P 1
1  222.284926255  1.0
P 1
1  1178.67755943  1.0
P 1
1  6250.0  1.0
D 1
1  0.01  1.0
D 1
1  0.144269990591  1.0
D 1
1  2.0813830185  1.0
D 1
1  30.0281108495  1.0
D 1
1  433.215526972  1.0
D 1
1  6250.0  1.0
F 1
1  0.01  1.0
F 1
1  7.90569415042  1.0
F 1
1  6250.0  1.0

Iron
S 1
1  0.01  1.0
S 1
1  0.0417738251959  1.0
S 1
1  0.17450524715  1.0
S 1
1  0.728975169019  1.0
S 1
1  3.04520812827  1.0
S 1
1  12.7209992036  1.0
S 1
1  53.1404797047  1.0
S 1
1  221.988111001  1.0
S 1
1  927.329254451  1.0
S 1
1  3873.80901745  1.0
S 1
1  16182.3820737  1.0
S 1
1  67600.0  1.0
P 1
1  0.01  1.0
P 1
1  0.0535480101446  1.0
P 1
1  0.286738939045  1.0
P 1
1  1.53542996168  1.0
P 1
1  8.22192191644  1.0
P 1
1  44.0267558189  1.0
P 1
1  235.754516723  1.0
P 1
1  1262.41852531  1.0
P 1
1  6760.0  1.0
D 1
1  0.01  1.0
D 1
1  0.146551186597  1.0
D 1
1  2.1477250293  1.0
D 1
1  31.4751651528  1.0
D 1
1  461.272280148  1.0
D 1
1  6760.0  1.0
F 1
1  0.01  1.0
F 1
1  8.22192191644  1.0
F 1
1  6760.0  1.0

Cobalt
S 1
1  0.01  1.0
S 1
1  0.0420614578015  1.0
S 1
1  0.176916623239  1.0
S 1
1  0.744137108276  1.0
S 1
1  3.12994915783  1.0
S 1
1  13.1650224423  1.0
S 1
1  55.3740035913  1.0
S 1
1  232.911131536  1.0
S 1
1  979.65817306  1.0
S 1
1  4120.58509061  1.0
S 1
1  17331.7815906  1.0
S 1
1  72900.0  1.0
P 1
1  0.01  1.0
P 1
1  0.0540556309673  1.0
P 1
1  0.292201123928  1.0
P 1
1  1.57951161233  1.0
P 1
1  8.53814968245  1.0
P 1
1  46.1535068379  1.0
P 1
1  249.485693348  1.0
P 1
1  1348.61065712  1.0
P 1
1  7290.0  1.0
D 1
1  0.01  1.0
D 1
1  0.148780325892  1.0
D 1
1  2.21355853726  1.0
D 1
1  32.9333960556  1.0
D 1
1  489.98413979  1.0
D 1
1  7290.0  1.0
F 1
1  0.01  1.0
F 1
1  8.53814968245  1.0
F 1
1  7290.0  1.0

Nickel
S 1
1  0.01  1.0
S 1
1  0.0423405022804  1.0
S 1
1  0.179271813336  1.0
S 1
1  0.759045862136  1.0
S 1
1  3.21383830567  1.0
S 1
1  13.607552811  1.0
S 1
1  57.6150620826  1.0
S 1
1  243.94506675  1.0
S 1
1  1032.8756655  1.0
S 1
1  4373.24744705  1.0
S 1
1  18516.5493505  1.0
S 1
1  78400.0  1.0
P 1
1  0.01  1.0
P 1
1  0.0545493409381  1.0
P 1
1  0.297563059678  1.0
P 1
1  1.62318687929  1.0
P 1
1  8.85437744847  1.0
P 1
1  48.3000454231  1.0
P 1
1  263.473564511  1.0
P 1
1  1437.23092987  1.0
P 1
1  7840.0  1.0
D 1
1  0.01  1.0
D 1
1  0.1509604607  1.0
D 1
1  2.27890606949  1.0
D 1
1  34.4024710143  1.0
D 1
1  519.341287356  1.0
D 1
1  7840.0  1.0
F 1
1  0.01  1.0
F 1
1  8.85437744847  1.0
F 1
1  7840.0  1.0

Copper
S 1
1  0.01  1.0
S 1
1  0.0426115084682  1.0
S 1
1  0.181574065393  1.0
S 1
1  0.77371448251  1.0
S 1
1  3.29691412234  1.0
S 1
1  14.0486484043  1.0
S 1
1  59.8634100446  1.0
S 1
1  255.087020405  1.0
S 1
1  1086.96427301  1.0
S 1
1  4631.7187324  1.0
S 1
1  19736.4521988  1.0
S 1
1  84100.0  1.0
P 1
1  0.01  1.0
P 1
1  0.0550299983101  1.0
P 1
1  0.302830071401  1.0
P 1
1  1.66647383175  1.0
P 1
1  9.17060521449  1.0
P 1
1  50.4658389456  1.0
P 1
1  277.71350319  1.0
P 1
1  1528.25736112  1.0
P 1
1  8410.0  1.0
D 1
1  0.01  1.0
D 1
1  0.153094362674  1.0
D 1
1  2.34378838826  1.0
D 1
1  35.8820789544  1.0
D 1
1  549.334400895  1.0
D 1
1  8410.0  1.0
F 1
1  0.01  1.0
F 1
1  9.17060521449  1.0
F 1
1  8410.0  1.0

Zinc
S 1
1  0.01  1.0
S 1
1  0.0428749734872  1.0
S 1
1  0.183826335153  1.0
S 1
1  0.788154924594  1.0
S 1
1  3.37921214958  1.0
S 1
1  14.4883631321  1.0
S 1
1  62.1188185162  1.0
S 1
1  266.334269694  1.0
S 1
1  1141.90747519  1.0
S 1
1  4895.92527235  1.0
S 1
1  20991.2666248  1.0
S 1
1  90000.0  1.0
P 1
1  0.01  1.0
P 1
1  0.0554983809515  1.0
P 1
1  0.308007028824  1.0
P 1
1  1.70938914214  1.0
P 1
1  9.48683298051  1.0
P 1
1  52.6503870776  1.0
P 1
1  292.201123928  1.0
P 1
1  1621.66892902  1.0
P 1
1  9000.0  1.0
D 1
1  0.01  1.0
D 1
1  0.155184557392  1.0
D 1
1  2.40822468528  1.0
D 1
1  37.3719281885  1.0
D 1
1  579.95461348  1.0
D 1
1  9000.0  1.0
F 1
1  0.01  1.0
F 1
1  9.48683298051  1.0
F 1
1  9000.0  1.0

Gallium
S 1
1  0.01  1.0
S 1
1  0.0431313483693  1.0
S 1
1  0.186031321215  1.0
S 1
1  0.802378172292  1.0
S 1
1  3.4607652473  1.0
S 1
1  14.9267471506  1.0
S 1
1  64.3810731371  1.0
S 1
1  277.684249386  1.0
S 1
1  1197.68960969  1.0
S 1
1  5165.7967794  1.0
S 1
1  22280.7780497  1.0
S 1
1  96100.0  1.0
P 1
1  0.01  1.0
P 1
1  0.0559551962747  1.0
P 1
1  0.313098399014  1.0
P 1
1  1.75194823701  1.0
P 1
1  9.80306074652  1.0
P 1
1  54.8532188165  1.0
P 1
1  306.932262517  1.0
P 1
1  1717.44549922  1.0
P 1
1  9610.0  1.0
D 1
1  0.01  1.0
D 1
1  0.157233353611  1.0
D 1
1  2.47223274876  1.0
D 1
1  38.8717445994  1.0
D 1
1  611.193476405  1.0
D 1
1  9610.0  1.0
F 1
1  0.01  1.0
F 1
1  9.80306074652  1.0
F 1
1  9610.0  1.0

Germanium
S 1
1  0.01  1.0
S 1
1  0.0433810436609  1.0
S 1
1  0.188191494911  1.0
S 1
1  0.816394345735  1.0
S 1
1  3.54160387568  1.0
S 1
1  15.3638472361  1.0
S 1
1  66.6499727748  1.0
S 1
1  289.134537894  1.0
S 1
1  1254.29580123  1.0
S 1
1  5441.26609167  1.0
S 1
1  23604.7801893  1.0
S 1
1  102400.0  1.0
P 1
1  0.01  1.0
P 1
1  0.0564010896621  1.0
P 1
1  0.318108291507  1.0
P 1
1  1.79416542715  1.0
P 1
1  10.1192885125  1.0
P 1
1  57.0738898712  1.0
P 1
1  321.902957999  1.0
P 1
1  1815.56775966  1.0
P 1
1  10240.0  1.0
D 1
1  0.01  1.0
D 1
1  0.159242868221  1.0
D 1
1  2.53582910794  1.0
D 1
1  40.3812700467  1.0
D 1
1  643.042926466  1.0
D 1
1  10240.0  1.0
F 1
1  0.01  1.0
F 1
1  10.1192885125  1.0
F 1
1  10240.0  1.0

Arsenic
S 1
1  0.01  1.0
S 1
1  0.0436244341957  1.0
S 1
1  0.19030912589  1.0
S 1
1  0.830212793922  1.0
S 1
1  3.62175633969  1.0
S 1
1  15.7997071114  1.0
S 1
1  68.9253283192  1.0
S 1
1  300.682844968  1.0
S 1
1  1311.71189841  1.0
S 1
1  5722.26893959  1.0
S 1
1  24963.0744806  1.0
S 1
1  108900.0  1.0
P 1
1  0.01  1.0
P 1
1  0.0568366516545  1.0
P 1
1  0.323040497129  1.0
P 1
1  1.83605402056  1.0
P 1
1  10.4355162786  1.0
P 1
1  59.3119803559  1.0
P 1
1  337.109436643  1.0
P 1
1  1916.01716199  1.0
P 1
1  10890.0  1.0
D 1
1  0.01  1.0
D 1
1  0.161215047643  1.0
D 1
1  2.59902915865  1.0
D 1
1  41.9002609638  1.0
D 1
1  675.495256753  1.0
D 1
1  10890.0  1.0
F 1
1  0.01  1.0
F 1
1  10.4355162786  1.0
F 1
1  10890.0  1.0

Selenium
S 1
1  0.01  1.0
S 1
1  0.0438618631775  1.0
S 1
1  0.19238630414  1.0
S 1
1  0.843842174943  1.0
S 1
1  3.70124900207  1.0
S 1
1  16.2343677315  1.0
S 1
1  71.2069616212  1.0
S 1
1  312.327000791  1.0
S 1
1  1369.92441754  1.0
S 1
1  6008.74373655  1.0
S 1
1  26355.4695641  1.0
S 1
1  115600.0  1.0
P 1
1  0.01  1.0
P 1
1  0.0572624241162  1.0
P 1
1  0.327898521567  1.0
P 1
1  1.8776264209  1.0
P 1
1  10.7517440446  1.0
P 1
1  61.567092747  1.0
P 1
1  352.548097648  1.0
P 1
1  2018.77586889  1.0
P 1
1  11560.0  1.0
D 1
1  0.01  1.0
D 1
1  0.163151686261  1.0
D 1
1  2.661847273  1.0
D 1
1  43.428487116  1.0
D 1
1  708.543090476  1.0
D 1
1  11560.0  1.0
F 1
1  0.01  1.0
F 1
1  10.7517440446  1.0
F 1
1  11560.0  1.0

Bromine
S 1
1  0.01  1.0
S 1
1  0.0440936456916  1.0
S 1
1  0.194424959037  1.0
S 1
1  0.857290525739  1.0
S 1
1  3.78010646967  1.0
S 1
1  16.667867535  1.0
S 1
1  73.4947045522  1.0
S 1
1  324.064946273  1.0
S 1
1  1428.9204922  1.0
S 1
1  6300.63139046  1.0
S 1
1  27781.7808164  1.0
S 1
1  122500.0  1.0
P 1
1  0.01  1.0
P 1
1  0.0576789055475  1.0
P 1
1  0.332685614516  1.0
P 1
1  1.91889421367  1.0
P 1
1  11.0679718106  1.0
P 1
1  63.8388500666  1.0
P 1
1  368.215500325  1.0
P 1
1  2123.82670644  1.0
P 1
1  12250.0  1.0
D 1
1  0.01  1.0
D 1
1  0.165054442395  1.0
D 1
1  2.72429689543  1.0
D 1
1  44.9657304993  1.0
D 1
1  742.179357444  1.0
D 1
1  12250.0  1.0
F 1
1  0.01  1.0
F 1
1  11.0679718106  1.0
F 1
1  12250.0  1.0

Krypton
S 1
1  0.01  1.0
S 1
1  0.044320071738  1.0
S 1
1  0.196426875886  1.0
S 1
1  0.870565323054  1.0
S 1
1  3.85835175704  1.0
S 1
1  17.1002426662  1.0
S 1
1  75.7883981705  1.0
S 1
1  335.894724382  1.0
S 1
1  1488.6878281  1.0
S 1
1  6597.8751337  1.0
S 1
1  29241.8299244  1.0
S 1
1  129600.0  1.0
P 1
1  0.01  1.0
P 1
1  0.0580865556832  1.0
P 1
1  0.337404795114  1.0
P 1
1  1.95986824192  1.0
P 1
1  11.3841995766  1.0
P 1
1  66.1268942616  1.0
P 1
1  384.108352568  1.0
P 1
1  2231.15312099  1.0
P 1
1  12960.0  1.0
D 1
1  0.01  1.0
D 1
1  0.166924852176  1.0
D 1
1  2.7863906274  1.0
D 1
1  46.5117843584  1.0
D 1
1  776.397272847  1.0
D 1
1  12960.0  1.0
F 1
1  0.01  1.0
F 1
1  11.3841995766  1.0
F 1
1  12960.0  1.0

