Hydrogen
S 1
1  0.01  1.0
S 1
1  0.0278255940221  1.0
S 1
1  0.0774263682681  1.0
S 1
1  0.215443469003  1.0
S 1
1  0.599484250319  1.0
S 1
1  1.6681005372  1.0
S 1
1  4.64158883361  1.0
S 1
1  12.9154966501  1.0
S 1
1  35.938136638  1.0
S 1
1  100.0  1.0
P 1
1  0.01  1.0
P 1
1  0.0316227766017  1.0
P 1
1  0.1  1.0
P 1
1  0.316227766017  1.0
P 1
1  1.0  1.0
P 1
1  3.16227766017  1.0
P 1
1  10.0  1.0
D 1
1  0.01  1.0
D 1
1  0.1  1.0
D 1
1  1.0  1.0
D 1
1  10.0  1.0
F 1
1  0.01  1.0

Helium
S 1
1  0.01  1.0
S 1
1  0.0324593634702  1.0
S 1
1  0.105361027689  1.0
S 1
1  0.341995189335  1.0
S 1
1  1.11009461557  1.0
S 1
1  3.60329646131  1.0
S 1
1  11.6960709529  1.0
S 1
1  37.9647018232  1.0
S 1
1  123.231005552  1.0
S 1
1  400.0  1.0
P 1
1  0.01  1.0
P 1
1  0.0398422018966  1.0
P 1
1  0.158740105197  1.0
P 1
1  0.632455532034  1.0
P 1
1  2.51984209979  1.0
P 1
1  10.0396057687  1.0
P 1
1  40.0  1.0
D 1
1  0.01  1.0
D 1
1  0.158740105197  1.0
D 1
1  2.51984209979  1.0
D 1
1  40.0  1.0
F 1
1  0.01  1.0

Lithium
S 1
1  0.01  1.0
S 1
1  0.0355198718249  1.0
S 1
1  0.126166129446  1.0
S 1
1  0.448140474656  1.0
S 1
1  1.59178922193  1.0
S 1
1  5.65401491353  1.0
S 1
1  20.0829885025  1.0
S 1
1  71.3345177469  1.0
S 1
1  253.379292706  1.0
S 1
1  900.0  1.0
P 1
1  0.01  1.0
P 1
1  0.0456079359657  1.0
P 1
1  0.208008382305  1.0
P 1
1  0.948683298051  1.0
P 1
1  4.32674871092  1.0
P 1
1  19.7334078147  1.0
P 1
1  90.0  1.0
D 1
1  0.01  1.0
D 1
1  0.208008382305  1.0
D 1
1  4.32674871092  1.0
D 1
1  90.0  1.0
F 1
1  0.01  1.0

Beryllium
S 1
1  0.01  1.0
S 1
1  0.0378647900941  1.0
S 1
1  0.143374232887  1.0
S 1
1  0.542883523319  1.0
S 1
1  2.0556170656  1.0
S 1
1  7.78355087031  1.0
S 1
1  29.4722519891  1.0
S 1
1  111.596063517  1.0
S 1
1  422.55615204  1.0
S 1
1  1600.0  1.0
P 1
1  0.01  1.0
P 1
1  0.0501980288437  1.0
P 1
1  0.251984209979  1.0
P 1
1  1.26491106407  1.0
P 1
1  6.34960420787  1.0
P 1
1  31.8737615173  1.0
P 1
1  160.0  1.0
D 1
1  0.01  1.0
D 1
1  0.251984209979  1.0
D 1
1  6.34960420787  1.0
D 1
1  160.0  1.0
F 1
1  0.01  1.0

Boron
S 1
1  0.01  1.0
S 1
1  0.0397897409849  1.0
S 1
1  0.158322348765  1.0
S 1
1  0.629960524947  1.0
S 1
1  2.50659661184  1.0
S 1
1  9.97368299388  1.0
S 1
1  39.6850262992  1.0
S 1
1  157.905691743  1.0
S 1
1  628.302657448  1.0
S 1
1  2500.0  1.0
P 1
1  0.01  1.0
P 1
1  0.054074187356  1.0
P 1
1  0.292401773821  1.0
P 1
1  1.58113883008  1.0
P 1
1  8.54987973338  1.0
P 1
1  46.2327798574  1.0
P 1
1  250.0  1.0
D 1
1  0.01  1.0
D 1
1  0.292401773821  1.0
D 1
1  8.54987973338  1.0
D 1
1  250.0  1.0
F 1
1  0.01  1.0

Carbon
S 1
1  0.01  1.0
S 1
1  0.0414349619658  1.0
S 1
1  0.17168560731  1.0
S 1
1  0.711378660898  1.0
S 1
1  2.94759477576  1.0
S 1
1  12.2133477424  1.0
S 1
1  50.6059599181  1.0
S 1
1  209.685602445  1.0
S 1
1  868.831496207  1.0
S 1
1  3600.0  1.0
P 1
1  0.01  1.0
P 1
1  0.0574623985654  1.0
P 1
1  0.330192724889  1.0
P 1
1  1.8973665961  1.0
P 1
1  10.902723557  1.0
P 1
1  62.6496646481  1.0
P 1
1  360.0  1.0
D 1
1  0.01  1.0
D 1
1  0.330192724889  1.0
D 1
1  10.902723557  1.0
D 1
1  360.0  1.0
F 1
1  0.01  1.0

Nitrogen
S 1
1  0.01  1.0
S 1
1  0.0428789368568  1.0
S 1
1  0.183860322597  1.0
S 1
1  0.788373516311  1.0
S 1
1  3.38046182255  1.0
S 1
1  14.4950609036  1.0
S 1
1  62.153280122  1.0
S 1
1  266.506657379  1.0
S 1
1  1142.75221337  1.0
S 1
1  4900.0  1.0
P 1
1  0.01  1.0
P 1
1  0.0604921954472  1.0
P 1
1  0.365930571002  1.0
P 1
1  2.21359436212  1.0
P 1
1  13.3905182794  1.0
P 1
1  81.0021848897  1.0
P 1
1  490.0  1.0
D 1
1  0.01  1.0
D 1
1  0.365930571002  1.0
D 1
1  13.3905182794  1.0
D 1
1  490.0  1.0
F 1
1  0.01  1.0

Oxygen
S 1
1  0.01  1.0
S 1
1  0.0441703772223  1.0
S 1
1  0.195102222396  1.0
S 1
1  0.861773876013  1.0
S 1
1  3.80648771838  1.0
S 1
1  16.8133998413  1.0
S 1
1  74.2654213378  1.0
S 1
1  328.033167506  1.0
S 1
1  1448.93487502  1.0
S 1
1  6400.0  1.0
P 1
1  0.01  1.0
P 1
1  0.0632455532034  1.0
P 1
1  0.4  1.0
P 1
1  2.52982212813  1.0
P 1
1  16.0  1.0
P 1
1  101.192885125  1.0
P 1
1  640.0  1.0
D 1
1  0.01  1.0
D 1
1  0.4  1.0
D 1
1  16.0  1.0
D 1
1  640.0  1.0
F 1
1  0.01  1.0

Fluorine
S 1
1  0.01  1.0
S 1
1  0.0453417559911  1.0
S 1
1  0.205587483636  1.0
S 1
1  0.932169751786  1.0
S 1
1  4.22662134278  1.0
S 1
1  19.1642433591  1.0
S 1
1  86.8940446145  1.0
S 1
1  393.992856799  1.0
S 1
1  1786.43279753  1.0
S 1
1  8100.0  1.0
P 1
1  0.01  1.0
P 1
1  0.0657780260491  1.0
P 1
1  0.432674871092  1.0
P 1
1  2.84604989415  1.0
P 1
1  18.7207544075  1.0
P 1
1  123.141427107  1.0
P 1
1  810.0  1.0
D 1
1  0.01  1.0
D 1
1  0.432674871092  1.0
D 1
1  18.7207544075  1.0
D 1
1  810.0  1.0
F 1
1  0.01  1.0

Neon
S 1
1  0.01  1.0
S 1
1  0.0464158883361  1.0
S 1
1  0.215443469003  1.0
S 1
1  1.0  1.0
S 1
1  4.64158883361  1.0
S 1
1  21.5443469003  1.0
S 1
1  100.0  1.0
S 1
1  464.158883361  1.0
S 1
1  2154.43469003  1.0
S 1
1  10000.0  1.0
P 1
1  0.01  1.0
P 1
1  0.0681292069058  1.0
P 1
1  0.464158883361  1.0
P 1
1  3.16227766017  1.0
P 1
1  21.5443469003  1.0
P 1
1  146.779926762  1.0
P 1
1  1000.0  1.0
D 1
1  0.01  1.0
D 1
1  0.464158883361  1.0
D 1
1  21.5443469003  1.0
D 1
1  1000.0  1.0
F 1
1  0.01  1.0

Sodium
S 1
1  0.01  1.0
S 1
1  0.0474094635446  1.0
S 1
1  0.224765723359  1.0
S 1
1  1.06560223677  1.0
S 1
1  5.05196303971  1.0
S 1
1  23.951085756  1.0
S 1
1  113.5508127  1.0
S 1
1  538.338311517  1.0
S 1
1  2552.23305546  1.0
S 1
1  12100.0  1.0
P 1
1  0.01  1.0
P 1
1  0.0703284255707  1.0
P 1
1  0.494608744325  1.0
P 1
1  3.47850542619  1.0
P 1
1  24.4637809963  1.0
P 1
1  172.049920097  1.0
P 1
1  1210.0  1.0
D 1
1  0.01  1.0
D 1
1  0.494608744325  1.0
D 1
1  24.4637809963  1.0
D 1
1  1210.0  1.0
F 1
1  0.01  1.0

Magnesium
S 1
1  0.01  1.0
S 1
1  0.0483350863868  1.0
S 1
1  0.233628057602  1.0
S 1
1  1.12924323466  1.0
S 1
1  5.45820692989  1.0
S 1
1  26.3822903473  1.0
S 1
1  127.519028302  1.0
S 1
1  616.364324893  1.0
S 1
1  2979.20228895  1.0
S 1
1  14400.0  1.0
P 1
1  0.01  1.0
P 1
1  0.0723980855301  1.0
P 1
1  0.524148278842  1.0
P 1
1  3.7947331922  1.0
P 1
1  27.4731418213  1.0
P 1
1  198.900287136  1.0
P 1
1  1440.0  1.0
D 1
1  0.01  1.0
D 1
1  0.524148278842  1.0
D 1
1  27.4731418213  1.0
D 1
1  1440.0  1.0
F 1
1  0.01  1.0

Aluminum
S 1
1  0.01  1.0
S 1
1  0.0492025273725  1.0
S 1
1  0.242088869984  1.0
S 1
1  1.1911384252  1.0
S 1
1  5.86070209701  1.0
S 1
1  28.836135535  1.0
S 1
1  141.881074798  1.0
S 1
1  698.090746638  1.0
S 1
1  3434.782907  1.0
S 1
1  16900.0  1.0
P 1
1  0.01  1.0
P 1
1  0.0743557315456  1.0
P 1
1  0.552877481368  1.0
P 1
1  4.11096095822  1.0
P 1
1  30.5673509404  1.0
P 1
1  227.285774058  1.0
P 1
1  1690.0  1.0
D 1
1  0.01  1.0
D 1
1  0.552877481368  1.0
D 1
1  30.5673509404  1.0
D 1
1  1690.0  1.0
F 1
1  0.01  1.0

Silicon
S 1
1  0.01  1.0
S 1
1  0.0500195250296  1.0
S 1
1  0.250195288419  1.0
S 1
1  1.25146494914  1.0
S 1
1  6.25976823469  1.0
S 1
1  31.3110633895  1.0
S 1
1  156.616451891  1.0
S 1
1  783.388053543  1.0
S 1
1  3918.46983521  1.0
S 1
1  19600.0  1.0
P 1
1  0.01  1.0
P 1
1  0.0762153903983  1.0
P 1
1  0.580878573356  1.0
P 1
1  4.42718872424  1.0
P 1
1  33.7419916985  1.0
P 1
1  257.165907011  1.0
P 1
1  1960.0  1.0
D 1
1  0.01  1.0
D 1
1  0.580878573356  1.0
D 1
1  33.7419916985  1.0
D 1
1  1960.0  1.0
F 1
1  0.01  1.0

Phosphorus
S 1
1  0.01  1.0
S 1
1  0.0507923208615  1.0
S 1
1  0.25798598585  1.0
S 1
1  1.3103706971  1.0
S 1
1  6.65567688948  1.0
S 1
1  33.8057276121  1.0
S 1
1  171.707136383  1.0
S 1
1  872.140396537  1.0
S 1
1  4429.80348572  1.0
S 1
1  22500.0  1.0
P 1
1  0.01  1.0
P 1
1  0.0779884734789  1.0
P 1
1  0.608220199557  1.0
P 1
1  4.74341649025  1.0
P 1
1  36.993181115  1.0
P 1
1  288.504172428  1.0
P 1
1  2250.0  1.0
D 1
1  0.01  1.0
D 1
1  0.608220199557  1.0
D 1
1  36.993181115  1.0
D 1
1  2250.0  1.0
F 1
1  0.01  1.0

Sulfur
S 1
1  0.01  1.0
S 1
1  0.0515260277188  1.0
S 1
1  0.265493153248  1.0
S 1
1  1.36798075734  1.0
S 1
1  7.04866144216  1.0
S 1
1  36.3189524849  1.0
S 1
1  187.137135246  1.0
S 1
1  964.243321789  1.0
S 1
1  4968.36281262  1.0
S 1
1  25600.0  1.0
P 1
1  0.01  1.0
P 1
1  0.0796844037932  1.0
P 1
1  0.634960420787  1.0
P 1
1  5.05964425627  1.0
P 1
1  40.3174735966  1.0
P 1
1  321.267384599  1.0
P 1
1  2560.0  1.0
D 1
1  0.01  1.0
D 1
1  0.634960420787  1.0
D 1
1  40.3174735966  1.0
D 1
1  2560.0  1.0
F 1
1  0.01  1.0

Chlorine
S 1
1  0.01  1.0
S 1
1  0.052224890502  1.0
S 1
1  0.272743918795  1.0
S 1
1  1.42440212941  1.0
S 1
1  7.43892452394  1.0
S 1
1  38.8497018715  1.0
S 1
1  202.892142628  1.0
S 1
1  1059.60199324  1.0
S 1
1  5533.75980729  1.0
S 1
1  28900.0  1.0
P 1
1  0.01  1.0
P 1
1  0.0813110633214  1.0
P 1
1  0.661148901846  1.0
P 1
1  5.37587202229  1.0
P 1
1  43.7117870412  1.0
P 1
1  355.4251884  1.0
P 1
1  2890.0  1.0
D 1
1  0.01  1.0
D 1
1  0.661148901846  1.0
D 1
1  43.7117870412  1.0
D 1
1  2890.0  1.0
F 1
1  0.01  1.0

Argon
S 1
1  0.01  1.0
S 1
1  0.052892475069  1.0
S 1
1  0.279761391893  1.0
S 1
1  1.4797272446  1.0
S 1
1  7.82664363939  1.0
S 1
1  41.3970553571  1.0
S 1
1  218.959271841  1.0
S 1
1  1158.1297827  1.0
S 1
1  6125.6350658  1.0
S 1
1  32400.0  1.0
P 1
1  0.01  1.0
P 1
1  0.0828751196399  1.0
P 1
1  0.686828545532  1.0
P 1
1  5.6920997883  1.0
P 1
1  47.1733450958  1.0
P 1
1  390.949661862  1.0
P 1
1  3240.0  1.0
D 1
1  0.01  1.0
D 1
1  0.686828545532  1.0
D 1
1  47.1733450958  1.0
D 1
1  3240.0  1.0
F 1
1  0.01  1.0

Potassium
S 1
1  0.01  1.0
S 1
1  0.0535318079623  1.0
S 1
1  0.286565446371  1.0
S 1
1  1.53403664438  1.0
S 1
1  8.2119755054  1.0
S 1
1  43.9601895747  1.0
S 1
1  235.32684263  1.0
S 1
1  1259.7471348  1.0
S 1
1  6743.65417014  1.0
S 1
1  36100.0  1.0
P 1
1  0.01  1.0
P 1
1  0.0843822692211  1.0
P 1
1  0.71203673589  1.0
P 1
1  6.00832755432  1.0
P 1
1  50.6996313257  1.0
P 1
1  427.814993994  1.0
P 1
1  3610.0  1.0
D 1
1  0.01  1.0
D 1
1  0.71203673589  1.0
D 1
1  50.6996313257  1.0
D 1
1  3610.0  1.0
F 1
1  0.01  1.0

Calcium
S 1
1  0.01  1.0
S 1
1  0.0541454816418  1.0
S 1
1  0.293173318222  1.0
S 1
1  1.58740105197  1.0
S 1
1  8.59505945175  1.0
S 1
1  46.5383633755  1.0
S 1
1  251.984209979  1.0
S 1
1  1364.38064154  1.0
S 1
1  7387.50469792  1.0
S 1
1  40000.0  1.0
P 1
1  0.01  1.0
P 1
1  0.0858374218933  1.0
P 1
1  0.736806299728  1.0
P 1
1  6.32455532034  1.0
P 1
1  54.2883523319  1.0
P 1
1  465.9972203  1.0
P 1
1  4000.0  1.0
D 1
1  0.01  1.0
D 1
1  0.736806299728  1.0
D 1
1  54.2883523319  1.0
D 1
1  4000.0  1.0
F 1
1  0.01  1.0

Scandium
S 1
1  0.01  1.0
S 1
1  0.0547357350191  1.0
S 1
1  0.299600068808  1.0
S 1
1  1.6398829978  1.0
S 1
1  8.97602012299  1.0
S 1
1  49.1309058978  1.0
S 1
1  268.921624647  1.0
S 1
1  1471.96227876  1.0
S 1
1  8056.89372484  1.0
S 1
1  44100.0  1.0
P 1
1  0.01  1.0
P 1
1  0.0872448428907  1.0
P 1
1  0.761166261102  1.0
P 1
1  6.64078308635  1.0
P 1
1  57.937407704  1.0
P 1
1  505.474003263  1.0
P 1
1  4410.0  1.0
D 1
1  0.01  1.0
D 1
1  0.761166261102  1.0
D 1
1  57.937407704  1.0
D 1
1  4410.0  1.0
F 1
1  0.01  1.0

Titanium
S 1
1  0.01  1.0
S 1
1  0.0553045159755  1.0
S 1
1  0.305858948729  1.0
S 1
1  1.69153811162  1.0
S 1
1  9.35496965175  1.0
S 1
1  51.7372068556  1.0
S 1
1  286.130118307  1.0
S 1
1  1582.4287699  1.0
S 1
1  8751.54571851  1.0
S 1
1  48400.0  1.0
P 1
1  0.01  1.0
P 1
1  0.0886082637824  1.0
P 1
1  0.785142441054  1.0
P 1
1  6.95701085237  1.0
P 1
1  61.6448652744  1.0
P 1
1  546.224448307  1.0
P 1
1  4840.0  1.0
D 1
1  0.01  1.0
D 1
1  0.785142441054  1.0
D 1
1  61.6448652744  1.0
D 1
1  4840.0  1.0
F 1
1  0.01  1.0

Vanadium
S 1
1  0.01  1.0
S 1
1  0.0558535305213  1.0
S 1
1  0.311961687169  1.0
S 1
1  1.74241616158  1.0
S 1
1  9.73200942615  1.0
S 1
1  54.3567085517  1.0
S 1
1  303.601408013  1.0
S 1
1  1695.72105088  1.0
S 1
1  9471.20074707  1.0
S 1
1  52900.0  1.0
P 1
1  0.01  1.0
P 1
1  0.0899309701888  1.0
P 1
1  0.808757939909  1.0
P 1
1  7.27323861839  1.0
P 1
1  65.4089405366  1.0
P 1
1  588.228948147  1.0
P 1
1  5290.0  1.0
D 1
1  0.01  1.0
D 1
1  0.808757939909  1.0
D 1
1  65.4089405366  1.0
D 1
1  5290.0  1.0
F 1
1  0.01  1.0

Chromium
S 1
1  0.01  1.0
S 1
1  0.0563842819006  1.0
S 1
1  0.317918724545  1.0
S 1
1  1.79256189862  1.0
S 1
1  10.1072315416  1.0
S 1
1  56.9888992478  1.0
S 1
1  321.327816039  1.0
S 1
1  1811.78381621  1.0
S 1
1  10215.6129436  1.0
S 1
1  57600.0  1.0
P 1
1  0.01  1.0
P 1
1  0.0912158719314  1.0
P 1
1  0.832033529221  1.0
P 1
1  7.5894663844  1.0
P 1
1  69.2279793748  1.0
P 1
1  631.469050072  1.0
P 1
1  5760.0  1.0
D 1
1  0.01  1.0
D 1
1  0.832033529221  1.0
D 1
1  69.2279793748  1.0
D 1
1  5760.0  1.0
F 1
1  0.01  1.0

Manganese
S 1
1  0.01  1.0
S 1
1  0.0568981020276  1.0
S 1
1  0.323739401435  1.0
S 1
1  1.84201574932  1.0
S 1
1  10.4807200041  1.0
S 1
1  59.6333076118  1.0
S 1
1  339.302202074  1.0
S 1
1  1930.56513118  1.0
S 1
1  10984.5491805  1.0
S 1
1  62500.0  1.0
P 1
1  0.01  1.0
P 1
1  0.0924655597149  1.0
P 1
1  0.854987973338  1.0
P 1
1  7.90569415042  1.0
P 1
1  73.1004434553  1.0
P 1
1  675.92734195  1.0
P 1
1  6250.0  1.0
D 1
1  0.01  1.0
D 1
1  0.854987973338  1.0
D 1
1  73.1004434553  1.0
D 1
1  6250.0  1.0
F 1
1  0.01  1.0

Iron
S 1
1  0.01  1.0
S 1
1  0.0573961770005  1.0
S 1
1  0.329432113428  1.0
S 1
1  1.8908143892  1.0
S 1
1  10.8525517358  1.0
S 1
1  62.2894980333  1.0
S 1
1  357.517905439  1.0
S 1
1  2052.01609815  1.0
S 1
1  11777.7879177  1.0
S 1
1  67600.0  1.0
P 1
1  0.01  1.0
P 1
1  0.0936823513546  1.0
P 1
1  0.877638295533  1.0
P 1
1  8.22192191644  1.0
P 1
1  77.0248977786  1.0
P 1
1  721.587353675  1.0
P 1
1  6760.0  1.0
D 1
1  0.01  1.0
D 1
1  0.877638295533  1.0
D 1
1  77.0248977786  1.0
D 1
1  6760.0  1.0
F 1
1  0.01  1.0

Cobalt
S 1
1  0.01  1.0
S 1
1  0.0578795679921  1.0
S 1
1  0.335004439095  1.0
S 1
1  1.93899122103  1.0
S 1
1  11.2227974214  1.0
S 1
1  64.9570666412  1.0
S 1
1  375.968695523  1.0
S 1
1  2176.09056754  1.0
S 1
1  12595.1181961  1.0
S 1
1  72900.0  1.0
P 1
1  0.01  1.0
P 1
1  0.0948683298051  1.0
P 1
1  0.9  1.0
P 1
1  8.53814968245  1.0
P 1
1  81.0  1.0
P 1
1  768.433471421  1.0
P 1
1  7290.0  1.0
D 1
1  0.01  1.0
D 1
1  0.9  1.0
D 1
1  81.0  1.0
D 1
1  7290.0  1.0
F 1
1  0.01  1.0

Nickel
S 1
1  0.01  1.0
S 1
1  0.0583492284928  1.0
S 1
1  0.340463246571  1.0
S 1
1  1.98657677676  1.0
S 1
1  11.5915222266  1.0
S 1
1  67.6356378978  1.0
S 1
1  394.648728996  1.0
S 1
1  2302.74488626  1.0
S 1
1  13436.3387529  1.0
S 1
1  78400.0  1.0
P 1
1  0.01  1.0
P 1
1  0.0960253746888  1.0
P 1
1  0.922087258412  1.0
P 1
1  8.85437744847  1.0
P 1
1  85.0244912125  1.0
P 1
1  816.45086264  1.0
P 1
1  7840.0  1.0
D 1
1  0.01  1.0
D 1
1  0.922087258412  1.0
D 1
1  85.0244912125  1.0
D 1
1  7840.0  1.0
F 1
1  0.01  1.0

Copper
S 1
1  0.01  1.0
S 1
1  0.0588060186497  1.0
S 1
1  0.345814782943  1.0
S 1
1  2.03359905751  1.0
S 1
1  11.9587864102  1.0
S 1
1  70.3248616667  1.0
S 1
1  413.552512671  1.0
S 1
1  2431.93767728  1.0
S 1
1  14301.2572405  1.0
S 1
1  84100.0  1.0
P 1
1  0.01  1.0
P 1
1  0.0971551886283  1.0
P 1
1  0.943913067739  1.0
P 1
1  9.17060521449  1.0
P 1
1  89.0971879449  1.0
P 1
1  865.625410103  1.0
P 1
1  8410.0  1.0
D 1
1  0.01  1.0
D 1
1  0.943913067739  1.0
D 1
1  89.0971879449  1.0
D 1
1  8410.0  1.0
F 1
1  0.01  1.0

Zinc
S 1
1  0.01  1.0
S 1
1  0.0592507172724  1.0
S 1
1  0.351064749729  1.0
S 1
1  2.08008382305  1.0
S 1
1  12.3246458503  1.0
S 1
1  73.0244106756  1.0
S 1
1  432.674871092  1.0
S 1
1  2563.6296458  1.0
S 1
1  15189.6895334  1.0
S 1
1  90000.0  1.0
P 1
1  0.01  1.0
P 1
1  0.0982593193853  1.0
P 1
1  0.965489384606  1.0
P 1
1  9.48683298051  1.0
P 1
1  93.2169751786  1.0
P 1
1  915.94365362  1.0
P 1
1  9000.0  1.0
D 1
1  0.01  1.0
D 1
1  0.965489384606  1.0
D 1
1  93.2169751786  1.0
D 1
1  9000.0  1.0
F 1
1  0.01  1.0

Gallium
S 1
1  0.01  1.0
S 1
1  0.0596840319501  1.0
S 1
1  0.356218366982  1.0
S 1
1  2.12605483962  1.0
S 1
1  12.6891524975  1.0
S 1
1  75.7339783083  1.0
S 1
1  452.010918106  1.0
S 1
1  2697.78340781  1.0
S 1
1  16101.4591106  1.0
S 1
1  96100.0  1.0
P 1
1  0.01  1.0
P 1
1  0.0993391785914  1.0
P 1
1  0.986827240322  1.0
P 1
1  9.80306074652  1.0
P 1
1  97.3828002241  1.0
P 1
1  967.39273832  1.0
P 1
1  9610.0  1.0
D 1
1  0.01  1.0
D 1
1  0.986827240322  1.0
D 1
1  97.3828002241  1.0
D 1
1  9610.0  1.0
F 1
1  0.01  1.0

Germanium
S 1
1  0.01  1.0
S 1
1  0.060106607628  1.0
S 1
1  0.361280428055  1.0
S 1
1  2.17153409328  1.0
S 1
1  13.0523547695  1.0
S 1
1  78.4532766754  1.0
S 1
1  471.556031826  1.0
S 1
1  2834.36333796  1.0
S 1
1  17036.396503  1.0
S 1
1  102400.0  1.0
P 1
1  0.01  1.0
P 1
1  0.100396057687  1.0
P 1
1  1.00793683992  1.0
P 1
1  10.1192885125  1.0
P 1
1  101.593667326  1.0
P 1
1  1019.96036855  1.0
P 1
1  10240.0  1.0
D 1
1  0.01  1.0
D 1
1  1.00793683992  1.0
D 1
1  101.593667326  1.0
D 1
1  10240.0  1.0
F 1
1  0.01  1.0

Arsenic
S 1
1  0.01  1.0
S 1
1  0.0605190339174  1.0
S 1
1  0.366255346629  1.0
S 1
1  2.21654197451  1.0
S 1
1  13.4142978934  1.0
S 1
1  81.1820349191  1.0
S 1
1  491.305832475  1.0
S 1
1  2973.33543393  1.0
S 1
1  17994.3387974  1.0
S 1
1  108900.0  1.0
P 1
1  0.01  1.0
P 1
1  0.10143114156  1.0
P 1
1  1.02882764781  1.0
P 1
1  10.4355162786  1.0
P 1
1  105.84863289  1.0
P 1
1  1073.63476666  1.0
P 1
1  10890.0  1.0
D 1
1  0.01  1.0
D 1
1  1.02882764781  1.0
D 1
1  105.84863289  1.0
D 1
1  10890.0  1.0
F 1
1  0.01  1.0

Selenium
S 1
1  0.01  1.0
S 1
1  0.0609218513593  1.0
S 1
1  0.371147197304  1.0
S 1
1  2.26109743866  1.0
S 1
1  13.7750242067  1.0
S 1
1  83.9199977188  1.0
S 1
1  511.25616271  1.0
S 1
1  3114.66719511  1.0
S 1
1  18975.1291894  1.0
S 1
1  115600.0  1.0
P 1
1  0.01  1.0
P 1
1  0.102445520268  1.0
P 1
1  1.0495084623  1.0
P 1
1  10.7517440446  1.0
P 1
1  110.146801243  1.0
P 1
1  1128.40463592  1.0
P 1
1  11560.0  1.0
D 1
1  0.01  1.0
D 1
1  1.0495084623  1.0
D 1
1  110.146801243  1.0
D 1
1  11560.0  1.0
F 1
1  0.01  1.0

Bromine
S 1
1  0.01  1.0
S 1
1  0.0613155568175  1.0
S 1
1  0.375959750784  1.0
S 1
1  2.30521814603  1.0
S 1
1  14.134573421  1.0
S 1
1  86.6669239684  1.0
S 1
1  531.403070078  1.0
S 1
1  3258.32751364  1.0
S 1
1  19978.6165792  1.0
S 1
1  122500.0  1.0
P 1
1  0.01  1.0
P 1
1  0.103440199176  1.0
P 1
1  1.06998748057  1.0
P 1
1  11.0679718106  1.0
P 1
1  114.487320857  1.0
P 1
1  1184.25912726  1.0
P 1
1  12250.0  1.0
D 1
1  0.01  1.0
D 1
1  1.06998748057  1.0
D 1
1  114.487320857  1.0
D 1
1  12250.0  1.0
F 1
1  0.01  1.0

Krypton
S 1
1  0.01  1.0
S 1
1  0.0617006081431  1.0
S 1
1  0.380696504523  1.0
S 1
1  2.3489205847  1.0
S 1
1  14.4929828556  1.0
S 1
1  89.4225855998  1.0
S 1
1  551.742791323  1.0
S 1
1  3404.28657632  1.0
S 1
1  21004.6552052  1.0
S 1
1  129600.0  1.0
P 1
1  0.01  1.0
P 1
1  0.104416107747  1.0
P 1
1  1.0902723557  1.0
P 1
1  11.3841995766  1.0
P 1
1  118.86938096  1.0
P 1
1  1241.18780901  1.0
P 1
1  12960.0  1.0
D 1
1  0.01  1.0
D 1
1  1.0902723557  1.0
D 1
1  118.86938096  1.0
D 1
1  12960.0  1.0
F 1
1  0.01  1.0

