NEON
S   1
  1  99920.0000000              1.00
S   1
  2  14960.0000000              1.00
S   1
  3   3399.0000000              1.00
S   1
  4    958.9000000              1.00
S   1
  5    311.2000000              1.00
S   1
  6    111.7000000              1.00
S   1
  7     43.3200000              1.00
S   1
  8     17.8000000              1.00
S   1
  9      7.5030000              1.00
S   1
  1      2.3370000              1.0000000        
S   1
  1      0.9001000              1.0000000        
S   1
  1      0.3301000              1.0000000        
P   1
  1     99.6800000              1.0
P   1
  1     23.1500000              1.0
P   1
  1      7.1080000              1.0
P   1
  1      2.4410000              1.0000000        
P   1
  1      0.8339000              1.0000000        
P   1
  1      0.2662000              1.0000000        
D   1
  1      6.4710000              1.0000000        
D   1
  1      2.2130000              1.0000000        
D   1
  1      0.7470000              1.0000000        
F   1
  1      4.6570000              1.0000000        
F   1
  1      1.5240000              1.0000000 
 S   1
   1     100.00000000  1.0000000
 S   1
   1      46.41588628  1.0000000
 S   1
   1      21.54434499  1.0000000
 S   1
   1       9.99999867  1.0000000
 S   1
   1       4.64158801  1.0000000
 S   1
   1       2.15443421  1.0000000
 S   1
   1       0.99999973  1.0000000
 P   1
   1     100.00000000  1.0000000
 P   1
   1      46.41588628  1.0000000
 P   1
   1      21.54434499  1.0000000
 P   1
   1       9.99999867  1.0000000
 P   1
   1       4.64158801  1.0000000
 P   1
   1       2.15443421  1.0000000
 P   1
   1       0.99999973  1.0000000
 D   1
   1     100.00000000  1.0000000
 D   1
   1      46.41588628  1.0000000
 D   1
   1      21.54434499  1.0000000
 D   1
   1       9.99999867  1.0000000
 D   1
   1       4.64158801  1.0000000
 D   1
   1       2.15443421  1.0000000
 D   1
   1       0.99999973  1.0000000
