NEON
S   9
  1  99920.0000000              0.0000860        
  2  14960.0000000              0.0006690        
  3   3399.0000000              0.0035180        
  4    958.9000000              0.0146670        
  5    311.2000000              0.0509620        
  6    111.7000000              0.1437440        
  7     43.3200000              0.3045620        
  8     17.8000000              0.4001050        
  9      7.5030000              0.2186440        
S   9
  1  99920.0000000             -0.0000200        
  2  14960.0000000             -0.0001580        
  3   3399.0000000             -0.0008240        
  4    958.9000000             -0.0035000        
  5    311.2000000             -0.0122330        
  6    111.7000000             -0.0370170        
  7     43.3200000             -0.0861130        
  8     17.8000000             -0.1583810        
  9      7.5030000             -0.1142880        
S   1
  1      2.3370000              1.0000000        
S   1
  1      0.9001000              1.0000000        
S   1
  1      0.3301000              1.0000000        
P   3
  1     99.6800000              0.0065660        
  2     23.1500000              0.0459790        
  3      7.1080000              0.1734190        
P   1
  1      2.4410000              1.0000000        
P   1
  1      0.8339000              1.0000000        
P   1
  1      0.2662000              1.0000000        
D   1
  1      6.4710000              1.0000000        
D   1
  1      2.2130000              1.0000000        
D   1
  1      0.7470000              1.0000000        
F   1
  1      4.6570000              1.0000000        
F   1
  1      1.5240000              1.0000000 
 S   1
   1     100.00000000  1.0000000
 S   1
   1      46.41588628  1.0000000
 S   1
   1      21.54434499  1.0000000
 S   1
   1       9.99999867  1.0000000
 S   1
   1       4.64158801  1.0000000
 S   1
   1       2.15443421  1.0000000
 S   1
   1       0.99999973  1.0000000
 P   1
   1     100.00000000  1.0000000
 P   1
   1      46.41588628  1.0000000
 P   1
   1      21.54434499  1.0000000
 P   1
   1       9.99999867  1.0000000
 P   1
   1       4.64158801  1.0000000
 P   1
   1       2.15443421  1.0000000
 P   1
   1       0.99999973  1.0000000
 D   1
   1     100.00000000  1.0000000
 D   1
   1      46.41588628  1.0000000
 D   1
   1      21.54434499  1.0000000
 D   1
   1       9.99999867  1.0000000
 D   1
   1       4.64158801  1.0000000
 D   1
   1       2.15443421  1.0000000
 D   1
   1       0.99999973  1.0000000

SODIUM
S   16
1         4.230000E+05           1.806180E-05
2         6.334000E+04           1.404300E-04
3         1.441000E+04           7.384380E-04
4         4.077000E+03           3.111820E-03
5         1.328000E+03           1.120810E-02
6         4.786000E+02           3.528280E-02
7         1.862000E+02           9.598970E-02
8         7.692000E+01           2.137350E-01
9         3.332000E+01           3.486880E-01
10        1.500000E+01           3.245660E-01
11        6.869000E+00           1.126330E-01
12        2.683000E+00           7.067970E-03
13        1.109000E+00           5.980100E-04
14        4.540000E-01           2.041300E-04
15        6.015000E-02          -5.308700E-06
16        2.382000E-02           1.826050E-06
S   16
1         4.230000E+05          -4.406530E-06
2         6.334000E+04          -3.434430E-05
3         1.441000E+04          -1.801140E-04
4         4.077000E+03          -7.639000E-04
5         1.328000E+03          -2.752480E-03
6         4.786000E+02          -8.860160E-03
7         1.862000E+02          -2.479390E-02
8         7.692000E+01          -6.059950E-02
9         3.332000E+01          -1.164460E-01
10        1.500000E+01          -1.624370E-01
11        6.869000E+00          -4.388910E-02
12        2.683000E+00           3.379170E-01
13        1.109000E+00           5.613470E-01
14        4.540000E-01           2.452400E-01
15        6.015000E-02           4.067540E-03
16        2.382000E-02          -1.267460E-03
S   16
1         4.230000E+05           6.630190E-07
2         6.334000E+04           5.157690E-06
3         1.441000E+04           2.712500E-05
4         4.077000E+03           1.146350E-04
5         1.328000E+03           4.151180E-04
6         4.786000E+02           1.329780E-03
7         1.862000E+02           3.755950E-03
8         7.692000E+01           9.140250E-03
9         3.332000E+01           1.798590E-02
10        1.500000E+01           2.514770E-02
11        6.869000E+00           7.635220E-03
12        2.683000E+00          -6.145890E-02
13        1.109000E+00          -1.157210E-01
14        4.540000E-01          -1.589060E-01
15        6.015000E-02           6.264060E-01
16        2.382000E-02           4.754020E-01
S   1
1         4.540000E-01           1.000000E+00
S   1
1         2.382000E-02           1.000000E+00
S   1
1         6.700000E-03           1.000000E+00
P   10
1         2.433000E+02           2.243920E-03
2         5.739000E+01           1.739970E-02
3         1.810000E+01           7.741250E-02
4         6.575000E+00           2.191020E-01
5         2.521000E+00           3.785220E-01
6         9.607000E-01           3.949020E-01
7         3.512000E-01           1.604240E-01
8         9.827000E-02           2.333110E-03
9         3.734000E-02           1.995360E-03
10        1.500000E-02          -7.773440E-04
P   10
1         2.433000E+02          -2.224010E-04
2         5.739000E+01          -1.742770E-03
3         1.810000E+01          -7.754560E-03
4         6.575000E+00          -2.251870E-02
5         2.521000E+00          -3.843300E-02
6         9.607000E-01          -4.501770E-02
7         3.512000E-01          -1.921320E-02
8         9.827000E-02           1.826970E-01
9         3.734000E-02           5.578970E-01
10        1.500000E-02           3.730220E-01
P   1
1         3.734000E-02           1.000000E+00
P   1
1         1.500000E-02           1.000000E+00
P   1
1         1.000000E-02           1.000000E+00
D   1
1         1.473000E-01           1.000000E+00
D   1
1         6.230000E-02           1.000000E+00
D   1
1         2.250000E-02           1.000000E+00
F   1
1         1.284000E-01           1.0000000
F   1
1         7.000000E-02           1.000000E+00
 S   1
   1     100.00000000  1.0000000
 S   1
   1      46.41588628  1.0000000
 S   1
   1      21.54434499  1.0000000
 S   1
   1       9.99999867  1.0000000
 S   1
   1       4.64158801  1.0000000
 S   1
   1       2.15443421  1.0000000
 S   1
   1       0.99999973  1.0000000
 P   1
   1     100.00000000  1.0000000
 P   1
   1      46.41588628  1.0000000
 P   1
   1      21.54434499  1.0000000
 P   1
   1       9.99999867  1.0000000
 P   1
   1       4.64158801  1.0000000
 P   1
   1       2.15443421  1.0000000
 P   1
   1       0.99999973  1.0000000
 D   1
   1     100.00000000  1.0000000
 D   1
   1      46.41588628  1.0000000
 D   1
   1      21.54434499  1.0000000
 D   1
   1       9.99999867  1.0000000
 D   1
   1       4.64158801  1.0000000
 D   1
   1       2.15443421  1.0000000
 D   1
   1       0.99999973  1.0000000


MAGNESIUM
S   15
1         1.649000E+05           7.299290E-05
2         2.471000E+04           5.666520E-04
3         5.628000E+03           2.962690E-03
4         1.596000E+03           1.229620E-02
5         5.210000E+02           4.273240E-02
6         1.880000E+02           1.230130E-01
7         7.301000E+01           2.748320E-01
8         2.990000E+01           4.018180E-01
9         1.254000E+01           2.646970E-01
10        4.306000E+00           3.326120E-02
11        1.826000E+00          -4.413350E-03
12        7.417000E-01           2.060240E-03
13        1.457000E-01          -8.384700E-04
14        7.612000E-02           7.081950E-04
15        3.310000E-02          -2.006020E-04
S   15
1         1.649000E+05          -1.842480E-05
2         2.471000E+04          -1.435000E-04
3         5.628000E+03          -7.487100E-04
4         1.596000E+03          -3.144070E-03
5         5.210000E+02          -1.104810E-02
6         1.880000E+02          -3.360580E-02
7         7.301000E+01          -8.259460E-02
8         2.990000E+01          -1.593140E-01
9         1.254000E+01          -1.528880E-01
10        4.306000E+00           1.908490E-01
11        1.826000E+00           5.799640E-01
12        7.417000E-01           3.720290E-01
13        1.457000E-01           2.116910E-02
14        7.612000E-02          -1.193440E-02
15        3.310000E-02           2.773290E-03
S   15
1         1.649000E+05           3.551760E-06
2         2.471000E+04           2.764200E-05
3         5.628000E+03           1.444040E-04
4         1.596000E+03           6.057440E-04
5         5.210000E+02           2.135270E-03
6         1.880000E+02           6.499340E-03
7         7.301000E+01           1.614460E-02
8         2.990000E+01           3.157660E-02
9         1.254000E+01           3.163740E-02
10        4.306000E+00          -4.391400E-02
11        1.826000E+00          -1.510930E-01
12        7.417000E-01          -2.176680E-01
13        1.457000E-01           2.598070E-01
14        7.612000E-02           5.472450E-01
15        3.310000E-02           3.259100E-01
S   1
1         1.457000E-01           1.000000E+00
S   1
1         3.310000E-02           1.000000E+00
S   1
1         1.200000E-02           1.000000E+00
P   10
1         3.169000E+02           2.075320E-03
2         7.486000E+01           1.628690E-02
3         2.372000E+01           7.386970E-02
4         8.669000E+00           2.142970E-01
5         3.363000E+00           3.821540E-01
6         1.310000E+00           3.981780E-01
7         4.911000E-01           1.528780E-01
8         2.364000E-01          -4.375400E-03
9         8.733000E-02           6.295820E-03
10        3.237000E-02          -1.567690E-03
P   10
1         3.169000E+02          -3.297270E-04
2         7.486000E+01          -2.587540E-03
3         2.372000E+01          -1.191200E-02
4         8.669000E+00          -3.502270E-02
5         3.363000E+00          -6.399680E-02
6         1.310000E+00          -7.044360E-02
7         4.911000E-01          -3.758360E-02
8         2.364000E-01           1.770430E-01
9         8.733000E-02           5.667070E-01
10        3.237000E-02           3.961430E-01
P   1
1         8.733000E-02           1.000000E+00
P   1
1         3.237000E-02           1.000000E+00
P   1
1         9.000000E-03           1.000000E+00
D   1
1         2.998000E-01           1.000000E+00
D   1
1         1.285000E-01           1.000000E+00
D   1
1         4.440000E-02           1.000000E+00
F   1
1         2.417000E-01           1.0000000
F   1
1         8.650000E-02           1.000000E+00
 S   1
   1     100.00000000  1.0000000
 S   1
   1      46.41588628  1.0000000
 S   1
   1      21.54434499  1.0000000
 S   1
   1       9.99999867  1.0000000
 S   1
   1       4.64158801  1.0000000
 S   1
   1       2.15443421  1.0000000
 S   1
   1       0.99999973  1.0000000
 P   1
   1     100.00000000  1.0000000
 P   1
   1      46.41588628  1.0000000
 P   1
   1      21.54434499  1.0000000
 P   1
   1       9.99999867  1.0000000
 P   1
   1       4.64158801  1.0000000
 P   1
   1       2.15443421  1.0000000
 P   1
   1       0.99999973  1.0000000
 D   1
   1     100.00000000  1.0000000
 D   1
   1      46.41588628  1.0000000
 D   1
   1      21.54434499  1.0000000
 D   1
   1       9.99999867  1.0000000
 D   1
   1       4.64158801  1.0000000
 D   1
   1       2.15443421  1.0000000
 D   1
   1       0.99999973  1.0000000


ALUMINUM
S   15
1         2.055000E+05           6.788360E-05
2         3.078000E+04           5.271490E-04
3         7.006000E+03           2.762030E-03
4         1.985000E+03           1.147280E-02
5         6.491000E+02           3.981880E-02
6         2.350000E+02           1.150400E-01
7         9.162000E+01           2.608870E-01
8         3.767000E+01           3.963860E-01
9         1.591000E+01           2.845970E-01
10        5.850000E+00           4.445830E-02
11        2.542000E+00          -4.898380E-03
12        1.057000E+00           2.612530E-03
13        2.931000E-01          -1.089150E-03
14        1.455000E-01           7.220680E-04
15        5.650000E-02          -1.784850E-04
S   15
1         2.055000E+05          -1.763770E-05
2         3.078000E+04          -1.371950E-04
3         7.006000E+03          -7.189100E-04
4         1.985000E+03          -3.011460E-03
5         6.491000E+02          -1.060140E-02
6         2.350000E+02          -3.213450E-02
7         9.162000E+01          -8.031560E-02
8         3.767000E+01          -1.567940E-01
9         1.591000E+01          -1.683760E-01
10        5.850000E+00           1.268790E-01
11        2.542000E+00           5.614940E-01
12        1.057000E+00           4.366130E-01
13        2.931000E-01           3.572930E-02
14        1.455000E-01          -1.145630E-02
15        5.650000E-02           2.202010E-03
S   15
1         2.055000E+05           4.073150E-06
2         3.078000E+04           3.165660E-05
3         7.006000E+03           1.661160E-04
4         1.985000E+03           6.949920E-04
5         6.491000E+02           2.455110E-03
6         2.350000E+02           7.445980E-03
7         9.162000E+01           1.882530E-02
8         3.767000E+01           3.727720E-02
9         1.591000E+01           4.194960E-02
10        5.850000E+00          -3.543750E-02
11        2.542000E+00          -1.751320E-01
12        1.057000E+00          -2.762030E-01
13        2.931000E-01           1.087290E-01
14        1.455000E-01           6.528090E-01
15        5.650000E-02           3.945870E-01
S   1
1         2.931000E-01           1.000000E+00
S   1
1         5.650000E-02           1.000000E+00
S   1
1         0.0221000              1.0000000
P   9
1         4.444000E+02           1.627860E-03
2         1.051000E+02           1.306870E-02
3         3.347000E+01           6.123410E-02
4         1.233000E+01           1.878700E-01
5         4.869000E+00           3.604520E-01
6         1.961000E+00           4.084540E-01
7         7.834000E-01           1.886400E-01
8         1.888000E-01           9.765140E-03
9         5.557000E-02          -1.150570E-03
P   9
1         4.444000E+02          -2.863410E-04
2         1.051000E+02          -2.423080E-03
3         3.347000E+01          -1.086580E-02
4         1.233000E+01          -3.643070E-02
5         4.869000E+00          -6.410740E-02
6         1.961000E+00          -9.722390E-02
7         7.834000E-01           1.474370E-02
8         1.888000E-01           5.034480E-01
9         5.557000E-02           5.979840E-01
P   1
1         7.834000E-01           1.000000E+00
P   1
1         5.557000E-02           1.000000E+00
P   1
1         0.0146000              1.0000000
D   1
1         3.330000E-01           1.000000E+00
D   1
1         1.090000E-01           1.000000E+00
D   1
1         0.0356000              1.0000000
F   1
1         2.440000E-01           1.0000000
F   1
1         0.0858000              1.0000000
 S   1
   1     100.00000000  1.0000000
 S   1
   1      46.41588628  1.0000000
 S   1
   1      21.54434499  1.0000000
 S   1
   1       9.99999867  1.0000000
 S   1
   1       4.64158801  1.0000000
 S   1
   1       2.15443421  1.0000000
 S   1
   1       0.99999973  1.0000000
 P   1
   1     100.00000000  1.0000000
 P   1
   1      46.41588628  1.0000000
 P   1
   1      21.54434499  1.0000000
 P   1
   1       9.99999867  1.0000000
 P   1
   1       4.64158801  1.0000000
 P   1
   1       2.15443421  1.0000000
 P   1
   1       0.99999973  1.0000000
 D   1
   1     100.00000000  1.0000000
 D   1
   1      46.41588628  1.0000000
 D   1
   1      21.54434499  1.0000000
 D   1
   1       9.99999867  1.0000000
 D   1
   1       4.64158801  1.0000000
 D   1
   1       2.15443421  1.0000000
 D   1
   1       0.99999973  1.0000000

